t0,555,339,2229
t1,656,2229,991
t2,1329,2229,2290
t3,1722,2229,255
t4,1706,272,391
t5,2371,2229,1849
t6,174,640,846
t7,1663,1974,2229
t8,1663,2229,534
t9,2244,2229,1146
t10,1759,2229,503
t11,1118,2229,2541
t12,1118,1762,2229
t13,232,2229,2408
t14,1217,2229,618
t15,1243,713,1534
t16,1952,99,2229
t17,1340,2229,568
t18,2513,1769,2229
t19,2513,1483,2229
t20,90,2229,1985
t21,90,2239,2229
t22,511,653,2229
t23,2304,1335,2229
t24,75,2229,333
t25,75,2229,1436
t26,975,2229,2361
t27,1375,760,1439
t28,237,179,2229
t29,237,2229,644
t30,2229,2229,2571
t31,1154,2229,494
t32,1154,361,641
t33,1683,2229,2078
t34,85,2229,2015
t35,1817,2509,1689
t36,2304,1833,2229
t37,1132,1902,2229
t38,1132,207,2229
t39,652,2229,2342
t40,2186,2229,1788
t41,383,530,2229
t42,710,2151,2229
t43,801,2509,1873
t44,1354,1953,2229
t45,1354,1760,2229
t46,268,863,2229
t47,985,1641,2229
t48,1898,2229,2250
t49,465,31,2229
t50,978,2229,190
t51,2125,2229,325
t52,2250,2095,2229
t53,2250,2229,2093
t54,2372,107,2229
t55,1403,2229,2113
t56,533,1161,336
t57,1597,119,278
t58,533,1343,633
t59,533,1484,2042
t60,533,1854,1819
t61,533,1270,113
t62,2072,2590,244
t63,637,270,2229
t64,371,1503,1773
t65,829,2229,1874
t66,2100,2229,2515
t67,2307,2229,1451
t68,1551,1867,541
t69,1384,13,2229
t70,1421,2160,1623
t71,1765,1872,2229
t72,2502,1344,1225
t73,1241,1506,2229
t74,1246,2451,1439
t75,1742,2229,2027
t76,384,2229,1967
t77,384,2229,777
t78,569,2561,2229
t79,1402,1756,2571
t80,1424,2229,2094
t81,2573,2524,2229
t82,693,805,1862
t83,460,2229,1136
t84,2587,1143,2229
t85,2587,2229,1391
t86,2219,2294,2435
t87,2080,2039,2235
t88,168,2229,725
t89,1657,2229,1643
t90,2584,2229,279
t91,1863,2229,1165
t92,2614,575,2229
t93,1158,2229,2168
t94,131,1017,2229
t95,1324,1082,2229
t96,850,2229,2416
t97,857,273,2229
t98,1359,2135,2229
t99,540,944,1048
t100,328,2219,2229
t101,328,1413,2229
t102,194,2229,209
t103,1632,2229,1027
t104,1578,1239,832
t105,675,1479,847
t106,1765,2155,2229
t107,1395,2229,1848
t108,2470,1917,2229
t109,1751,2229,709
t110,472,1262,2229
t111,1832,2229,344
t112,2388,2229,904
t113,122,1494,2229
t114,2304,636,2229
t115,1275,1478,2229
t116,997,1382,1718
t117,416,1021,2229
t118,2436,2229,2552
t119,2436,2229,970
t120,850,636,2229
t121,1379,860,2229
t122,2150,2229,1638
t123,690,2229,1000
t124,804,2229,983
t125,22,2229,1636
t126,1013,2229,1041
t127,614,2229,266
t128,1284,2229,2608
t129,829,339,2229
t130,1308,706,361
t131,2338,758,2229
t132,2057,797,420
t133,2057,478,2229
t134,1428,2651,2229
t135,1428,2414,2229
t136,347,161,2229
t137,2560,1316,2229
t138,2264,2229,1507
t139,2454,2458,2229
t140,736,2229,1667
t141,150,2229,812
t142,1501,2229,1227
t143,2099,2229,1417
t144,2554,990,2229
t145,354,2229,760
t146,159,2229,899
t147,2057,385,130
t148,1825,1159,1756
t149,1825,2229,2556
t150,2384,2229,1976
t151,2426,1276,2229
t152,450,2229,1528
t153,2587,2645,2229
t154,2587,2229,1888
t155,2226,1474,2575
t156,110,673,244
t157,225,2229,1809
t158,2057,2479,226
t159,520,1575,2192
t160,658,607,2229
t161,1045,2229,453
t162,1397,1392,2229
t163,2659,387,2229
t164,643,2229,72
t165,584,2229,1005
t166,2104,2417,508
t167,629,2229,2372
t168,1618,2358,2229
t169,465,1180,2229
t170,2187,1628,2229
t171,1077,1938,2229
t172,1006,2229,2199
t173,2084,560,2229
t174,404,2229,155
t175,404,2229,442
t176,1850,2229,981
t177,1850,2005,2229
t178,474,2351,45
t179,474,2064,771
t180,474,2465,961
t181,474,2631,1481
t182,474,1688,33
t183,474,299,257
t184,474,2612,740
t185,474,1022,1676
t186,801,2485,1590
t187,2057,205,2628
t188,2057,501,2379
t189,2498,2229,632
t190,2583,2229,371
t191,663,1721,2229
t192,1125,2229,581
t193,334,1336,915
t194,334,999,2623
t195,334,702,1839
t196,334,777,1096
t197,2556,2492,2229
t198,232,2229,332
t199,1196,2443,2229
t200,382,2229,2258
t201,693,281,9
t202,58,2229,93
t203,1587,1756,1744
t204,1480,60,2315
t205,2554,1335,2229
t206,676,270,2229
t207,1206,2229,259
t208,850,2364,2229
t209,404,1660,2229
t210,404,2381,2229
t211,1122,2229,2544
t212,465,2229,1417
t213,289,2229,1763
t214,1956,1919,2229
t215,2019,2229,305
t216,2019,2229,475
t217,2019,504,1756
t218,639,1783,2229
t219,2059,2229,819
t220,658,251,2229
t221,2659,2060,2229
t222,56,2229,2012
t223,1936,122,2229
t224,2584,2566,415
t225,1703,555,2392
t226,1703,1869,2391
t227,2458,703,2538
t228,2458,2429,361
t229,2458,2200,1360
t230,2458,1777,987
t231,1805,2392,2229
t232,2045,2229,1383
t233,207,2229,513
t234,207,2229,2199
t235,1028,2229,1949
t236,2166,2477,2229
t237,947,990,2229
t238,1502,2407,2229
t239,2659,1982,2229
t240,1554,1414,2229
t241,465,332,2229
t242,690,2229,245
t243,755,1393,2229
t244,1697,2493,2229
t245,284,2152,2229
t246,1765,251,2229
t247,2487,586,2229
t248,1516,2229,1339
t249,206,2229,736
t250,1561,2229,1939
t251,1361,2229,1473
t252,2454,2364,2229
t253,1891,132,2229
t254,1891,2245,2229
t255,2597,2229,2264
t256,1151,1288,2359
t257,2124,423,2229
t258,2124,2238,2229
t259,2124,2205,2229
t260,2124,1274,2229
t261,2124,2229,243
t262,1817,2229,2256
t263,1132,2618,2229
t264,1132,2229,2183
t265,1516,2387,2229
t266,2556,550,2229
t267,2395,2229,1688
t268,845,2229,2149
t269,1070,735,2229
t270,2242,2229,845
t271,146,2229,605
t272,797,895,2229
t273,1219,537,2229
t274,1219,2229,1949
t275,1066,1690,2229
t276,1287,2229,1924
t277,1287,2229,637
t278,201,1656,1474
t279,1954,2229,2580
t280,1426,2229,2501
t281,171,2229,1965
t282,692,2229,1908
t283,1000,222,649
t284,972,2229,855
t285,972,718,784
t286,99,1549,1222
t287,1838,1797,2229
t288,46,2229,754
t289,1480,838,1707
t290,1983,2229,837
t291,562,2229,635
t292,1112,1247,2229
t293,833,2229,2237
t294,833,2229,781
t295,345,277,2229
t296,345,2229,599
t297,926,1689,2229
t298,2248,1632,2229
t299,2194,2229,2143
t300,2259,715,2229
t301,1602,2229,2519
t302,2092,2065,2229
t303,371,189,2229
t304,1544,1756,693
t305,1520,2070,2229
t306,1520,2229,719
t307,112,2229,1645
t308,1327,2229,2449
t309,814,2229,391
t310,1427,843,2229
t311,2638,2229,423
t312,2638,2229,2142
t313,2638,2602,2229
t314,2638,755,2229
t315,2638,1274,2229
t316,2638,2229,243
t317,681,2229,204
t318,2269,1721,3
t319,596,2229,79
t320,2334,1756,2454
t321,445,2229,2290
t322,1911,2229,1138
t323,1631,2229,226
t324,1964,2121,1474
t325,2023,1375,2229
t326,396,2229,2041
t327,654,2229,2422
t328,2245,2229,2198
t329,1692,2229,1437
t330,791,2229,1095
t331,2057,482,348
t332,418,1289,2547
t333,2554,352,2229
t334,224,2038,2229
t335,562,2229,565
t336,2229,2229,1647
t337,1817,1335,2229
t338,1995,1570,2229
t339,2110,2229,242
t340,2554,2148,2229
t341,2229,52,2229
t342,101,2658,2229
t343,207,2565,2229
t344,207,7,2229
t345,1083,1602,2229
t346,1371,2229,1905
t347,1179,2529,667
t348,2396,2425,2229
t349,672,785,2229
t350,2341,1712,2229
t351,814,2229,1443
t352,1657,2229,1857
t353,403,2229,2553
t354,403,1190,2553
t355,739,390,1973
t356,1351,690,1542
t357,1491,2229,1703
t358,1491,2516,2229
t359,30,2229,340
t360,235,2229,2480
t361,2659,902,2229
t362,1489,1842,2229
t363,1308,472,2538
t364,756,1219,1756
t365,632,2229,1821
t366,1917,636,2229
t367,2524,2229,1973
t368,2454,2341,2229
t369,1527,415,2620
t370,1527,815,2229
t371,524,2469,2229
t372,524,2229,516
t373,2601,2229,854
t374,1000,235,1638
t375,2554,251,2229
t376,288,2229,2072
t377,2097,2229,1860
t378,2202,2229,2185
t379,655,1147,244
t380,2539,2229,1722
t381,1080,2229,2279
t382,2099,332,2229
t383,868,1063,1696
t384,1913,2229,1313
t385,1913,1398,2229
t386,2123,1714,1210
t387,1007,216,2229
t388,1917,2229,2256
t389,2454,2229,2328
t390,79,292,1016
t391,2296,2229,1716
t392,2556,1257,2229
t393,207,2229,791
t394,207,2441,2229
t395,1917,1180,2229
t396,693,1836,794
t397,693,322,683
t398,693,2499,1311
t399,693,969,602
t400,693,1330,824
t401,693,2031,1864
t402,693,330,2251
t403,1132,2012,2229
t404,1132,2229,2614
t405,994,2229,2301
t406,256,2229,1254
t407,969,2229,790
t408,735,2229,1828
t409,1201,2229,592
t410,242,2229,2369
t411,1497,2229,1162
t412,1412,2229,1205
t413,977,2229,356
t414,1917,2229,1865
t415,1412,1393,1387
t416,1624,2229,2157
t417,1624,2229,1764
t418,88,2229,1172
t419,88,2229,29
t420,88,2229,1514
t421,88,2229,1217
t422,88,2229,1619
t423,197,296,2229
t424,2222,1799,2229
t425,2556,2229,1733
t426,152,2288,2229
t427,26,2391,2229
t428,2115,2229,1377
t429,164,2038,2229
t430,465,2229,2256
t431,947,2229,1954
t432,2027,2229,1410
t433,2286,2089,2229
t434,556,2229,1203
t435,2099,2229,2416
t436,783,1612,2229
t437,286,309,343
t438,1553,2229,599
t439,910,42,2229
t440,658,31,2229
t441,663,1579,2229
t442,663,1756,949
t443,2229,2229,403
t444,2043,2229,2303
t445,1763,331,2593
t446,354,2229,248
t447,30,251,2229
t448,1641,952,2215
t449,1529,2229,2053
t450,855,784,2437
t451,1166,2229,345
t452,693,1557,2324
t453,1765,2229,1417
t454,1236,133,2229
t455,192,1850,2229
t456,2039,2444,2229
t457,2619,617,2229
t458,679,1501,2229
t459,1487,1783,2229
t460,712,2229,2555
t461,255,2229,2405
t462,807,1588,704
t463,1698,2229,1630
t464,586,2229,2487
t465,2225,140,2229
t466,662,2229,261
t467,2074,2229,1101
t468,1132,2229,2548
t469,1132,2229,404
t470,1875,2538,1714
t471,1868,2229,2513
t472,529,2338,2229
t473,965,2229,546
t474,95,544,2645
t475,739,1628,2423
t476,1178,2229,2457
t477,1156,2229,2055
t478,1690,1081,2039
t479,465,2229,2216
t480,2357,2229,293
t481,2357,1618,2229
t482,2357,43,1756
t483,304,2424,2229
t484,304,2549,2229
t485,931,2229,844
t486,1662,2229,1541
t487,1288,1968,2229
t488,1404,2310,2229
t489,1895,2229,1170
t490,30,1154,2229
t491,1287,667,2229
t492,2548,1756,404
t493,1422,874,1428
t494,835,1017,2229
t495,835,2229,2402
t496,835,1856,2229
t497,835,2062,2545
t498,2018,2229,840
t499,626,508,2229
t500,1439,1013,2229
t501,353,2229,668
t502,353,2229,2121
t503,1549,2229,884
t504,431,695,2229
t505,1835,2229,1139
t506,1474,2229,123
t507,2099,31,2229
t508,1177,2229,1049
t509,465,1371,2229
t510,2311,573,2229
t511,2311,2229,987
t512,947,2229,2416
t513,2186,2229,2193
t514,330,2229,886
t515,1424,2229,416
t516,2282,2428,976
t517,407,1080,2229
t518,407,2105,2229
t519,973,1257,2229
t520,177,2303,155
t521,603,1756,2452
t522,313,1427,2229
t523,2556,1725,2229
t524,37,1284,1756
t525,37,877,1756
t526,823,559,2229
t527,823,2581,2229
t528,1139,1526,2229
t529,1887,2229,1989
t530,2057,2505,621
t531,2057,600,790
t532,2057,402,982
t533,2057,2606,1228
t534,2466,2229,1877
t535,947,1875,2229
t536,2099,2229,2319
t537,2038,164,2229
t538,1243,1670,927
t539,1788,2229,1203
t540,1999,2229,1051
t541,801,733,2211
t542,1576,2229,2356
t543,834,2048,89
t544,241,2218,2229
t545,1396,694,2229
t546,846,2229,1997
t547,750,373,2229
t548,2229,2461,2229
t549,2324,420,2229
t550,414,2404,2229
t551,1095,2464,1499
t552,1219,2004,2229
t553,1219,1515,2229
t554,1730,62,2229
t555,894,2229,421
t556,2099,1308,2229
t557,133,2229,1236
t558,2130,1307,2229
t559,258,2532,2229
t560,947,51,2229
t561,110,1685,2058
t562,2210,1090,2229
t563,2210,2229,577
t564,1041,811,2229
t565,1041,1402,2229
t566,556,2229,1435
t567,693,897,1844
t568,1362,2229,1920
t569,30,1872,2229
t570,622,2229,1945
t571,10,2229,2362
t572,973,1597,2229
t573,232,2229,2379
t574,230,2229,139
t575,90,2229,1273
t576,90,2229,749
t577,715,1912,2229
t578,947,1833,2229
t579,968,2177,2229
t580,670,1957,2229
t581,614,1990,2229
t582,1132,640,2229
t583,1132,2180,2229
t584,2172,2229,818
t585,693,215,662
t586,2527,300,728
t587,308,999,2229
t588,386,1815,2229
t589,30,902,2229
t590,1574,2229,520
t591,56,1043,2229
t592,1501,1268,1027
t593,1231,2229,1295
t594,475,2358,2229
t595,2216,718,609
t596,2216,1290,1091
t597,2216,2652,2223
t598,2216,218,889
t599,2216,638,1360
t600,2216,2307,361
t601,2216,987,2622
t602,2207,1539,2229
t603,958,2229,1039
t604,739,696,583
t605,115,2229,1754
t606,2130,2155,2229
t607,1001,2229,425
t608,1312,1600,1474
t609,474,2229,376
t610,430,2229,1806
t611,2130,607,2229
t612,1240,2229,1185
t613,411,1099,1754
t614,626,2229,834
t615,2644,221,2229
t616,337,24,2229
t617,2130,745,2229
t618,1902,207,1756
t619,947,521,2229
t620,1464,1686,2229
t621,553,1022,2229
t622,2370,2229,1914
t623,2370,2229,844
t624,1142,2229,2273
t625,2164,1592,2229
t626,387,690,2229
t627,387,2229,1187
t628,2524,1628,2229
t629,645,2488,588
t630,834,565,2430
t631,1833,582,361
t632,1381,2321,2229
t633,475,2229,1733
t634,153,866,2229
t635,2010,2000,1016
t636,2099,1875,2229
t637,1324,2229,807
t638,1132,2229,2359
t639,1132,2229,1300
t640,1074,2211,2229
t641,1074,2229,1360
t642,1907,1482,2229
t643,947,251,2229
t644,1538,1592,17
t645,1164,2229,2345
t646,1193,2229,2297
t647,848,2229,2357
t648,1765,682,2229
t649,207,1499,2229
t650,207,343,2229
t651,619,2100,2229
t652,613,2229,2500
t653,1962,2229,1441
t654,1444,2229,144
t655,321,2229,1271
t656,752,2229,1823
t657,290,2229,942
t658,121,510,921
t659,121,1715,225
t660,121,1340,426
t661,121,1224,2145
t662,465,251,2229
t663,2313,2229,2599
t664,2313,2229,220
t665,2313,2229,2533
t666,2130,989,2229
t667,2313,2229,1386
t668,564,1551,2229
t669,1384,2229,620
t670,538,1830,2158
t671,1605,1484,1372
t672,1605,1270,2287
t673,1605,1854,1069
t674,1605,304,2188
t675,1605,1161,2369
t676,1605,316,1315
t677,1605,1343,2515
t678,90,1355,2229
t679,90,766,2229
t680,1955,2229,1932
t681,124,2229,2648
t682,1523,538,2229
t683,1789,2471,2229
t684,1789,574,2229
t685,1411,1419,2229
t686,1628,2229,594
t687,1259,2229,438
t688,2405,2229,410
t689,1260,2508,2229
t690,1269,2,2229
t691,1269,2229,1111
t692,1817,2092,1278
t693,1058,2229,483
t694,1445,2229,419
t695,1087,775,2229
t696,2524,2229,823
t697,693,1401,2308
t698,693,14,211
t699,2186,2229,1921
t700,693,1834,1263
t701,1405,2229,2554
t702,1405,2229,954
t703,2304,2229,2216
t704,1876,2397,1756
t705,1876,1206,2229
t706,43,747,2229
t707,933,1886,1882
t708,933,1364,1218
t709,933,1861,762
t710,933,25,1020
t711,933,723,1353
t712,933,687,298
t713,933,1807,2141
t714,1703,415,2008
t715,1908,1033,2229
t716,1817,160,70
t717,1788,2229,1659
t718,1404,1064,2229
t719,1404,1846,2229
t720,1173,1698,2050
t721,2304,2341,2229
t722,2501,173,2229
t723,1136,2229,1485
t724,1136,2478,2229
t725,700,2229,2326
t726,2659,1872,2229
t727,58,2629,2229
t728,1552,1008,2039
t729,1301,2229,1594
t730,947,352,2229
t731,2304,2364,2229
t732,2057,1079,1024
t733,194,2229,546
t734,1911,1588,2409
t735,2047,2229,625
t736,2047,1113,2229
t737,482,2229,2185
t738,24,2229,2113
t739,1603,2229,742
t740,1603,2229,1284
t741,877,2229,1603
t742,471,2229,2094
t743,1899,2229,1131
t744,686,1026,2229
t745,928,2229,1337
t746,1958,158,2229
t747,2099,1872,2229
t748,560,2229,2263
t749,560,2229,606
t750,1817,2229,2216
t751,1878,2229,2639
t752,1025,851,2030
t753,2554,2229,1865
t754,2177,2104,2229
t755,1824,2229,848
t756,376,2281,1625
t757,376,2384,975
t758,376,175,2497
t759,376,1285,1117
t760,376,2443,2021
t761,376,2129,2619
t762,376,1831,1832
t763,376,888,1042
t764,226,365,2229
t765,226,2229,2376
t766,371,1121,506
t767,511,2229,2115
t768,541,1661,2229
t769,541,1820,2229
t770,541,233,2229
t771,541,1871,1462
t772,1887,1340,2229
t773,480,2229,1397
t774,2164,1570,2229
t775,992,1541,180
t776,1479,2229,1359
t777,952,985,2229
t778,239,2229,1191
t779,930,2194,2229
t780,1185,2229,754
t781,1675,878,2229
t782,1675,1562,2229
t783,2229,2229,646
t784,1545,722,2229
t785,1618,1375,2229
t786,1326,756,2229
t787,1326,1219,2229
t788,2267,1475,2229
t789,1194,2654,959
t790,973,2229,1733
t791,1291,2560,2229
t792,1291,1419,2229
t793,254,1685,1627
t794,941,2229,858
t795,71,2229,1576
t796,71,858,2229
t797,71,118,2229
t798,447,415,1772
t799,447,284,2229
t800,1055,1919,2229
t801,2244,2229,812
t802,1378,2472,2229
t803,1049,2229,2394
t804,504,2229,2413
t805,947,2229,1417
t806,1392,2229,816
t807,2415,768,2229
t808,1582,2229,1851
t809,1788,2229,605
t810,276,2229,1072
t811,1833,2268,1360
t812,1833,2229,350
t813,405,2229,262
t814,1480,221,1573
t815,1329,1890,2229
t816,260,2229,1504
t817,260,2229,220
t818,34,2040,1694
t819,34,2221,669
t820,34,2466,1779
t821,34,1814,844
t822,245,690,2229
t823,2379,2083,2085
t824,260,2229,887
t825,2379,2229,2467
t826,1817,989,2229
t827,1942,2229,1132
t828,1942,2229,1234
t829,1567,270,2229
t830,1387,2229,2628
t831,1225,655,2229
t832,806,2539,2229
t833,454,2229,2409
t834,1305,2229,402
t835,1633,2229,2101
t836,1285,2229,136
t837,2057,2490,2229
t838,1828,316,466
t839,675,841,1368
t840,1828,304,1572
t841,1828,1161,1845
t842,1828,1270,1704
t843,1828,1854,145
t844,1828,552,1484
t845,256,1729,2229
t846,256,2229,698
t847,1453,2229,753
t848,2107,146,2229
t849,1817,902,2229
t850,1657,1588,1485
t851,1162,951,2229
t852,2309,2229,594
t853,2051,2229,66
t854,2550,2325,2229
t855,1292,2229,1521
t856,1292,2229,254
t857,1292,2229,110
t858,869,2229,157
t859,1541,1425,1756
t860,1541,2229,2577
t861,1637,2229,1920
t862,481,2229,510
t863,138,2014,278
t864,737,2229,1138
t865,2366,2229,1801
t866,2454,2229,2416
t867,744,2229,1511
t868,1696,1444,2229
t869,1696,2229,2546
t870,1906,2229,2388
t871,1906,2229,2476
t872,1424,1842,2229
t873,2410,1826,2229
t874,63,2229,1566
t875,97,1917,1756
t876,931,1224,2229
t877,421,1866,2229
t878,1087,2229,1578
t879,2387,2229,1516
t880,638,2229,1969
t881,1830,370,2229
t882,973,1030,2229
t883,146,324,2229
t884,1519,2229,2533
t885,465,2229,2319
t886,2649,2229,1036
t887,632,1163,2229
t888,2200,656,2229
t889,2130,2458,2229
t890,1070,2229,2389
t891,2271,1756,90
t892,846,2557,2229
t893,1777,2229,1700
t894,2286,2229,1326
t895,745,2538,2484
t896,745,361,1286
t897,745,1360,734
t898,745,987,229
t899,745,2223,514
t900,1480,310,2119
t901,228,1756,1118
t902,1514,2229,618
t903,1179,1540,2229
t904,1790,1726,2229
t905,1404,103,2229
t906,1000,2047,1299
t907,1990,134,287
t908,868,2644,2604
t909,856,2229,1995
t910,702,2229,1934
t911,1817,449,688
t912,2229,21,2229
t913,340,1424,1756
t914,1706,1751,1932
t915,1610,2229,1560
t916,99,867,753
t917,1999,2229,2171
t918,2189,2229,204
t919,150,1054,2229
t920,961,2229,83
t921,625,631,2229
t922,1346,2229,85
t923,757,1175,2229
t924,820,1462,462
t925,1703,1057,279
t926,1703,268,1531
t927,693,329,1442
t928,1000,1556,631
t929,1000,601,2342
t930,90,2526,2229
t931,90,307,2229
t932,1815,2229,1531
t933,1841,1434,2229
t934,392,1837,2229
t935,1208,2229,1178
t936,947,2229,2256
t937,870,1598,2514
t938,973,979,2229
t939,1589,1004,2224
t940,1725,278,1951
t941,1814,2229,2370
t942,522,2228,2229
t943,522,118,2229
t944,2522,2229,1172
t945,2522,2229,29
t946,2522,1217,2229
t947,1817,251,2229
t948,1030,2347,278
t949,232,2229,1275
t950,1553,2229,1554
t951,2540,2229,2570
t952,481,78,2229
t953,1020,2229,2438
t954,207,967,2229
t955,207,1169,2229
t956,1242,264,2229
t957,1857,2229,1237
t958,2382,2229,2385
t959,747,278,2385
t960,350,1624,1476
t961,1359,2229,2561
t962,175,2036,2229
t963,2377,2229,1864
t964,1047,2229,2626
t965,623,2229,2533
t966,623,2229,220
t967,623,2229,1504
t968,441,2229,774
t969,207,1381,2229
t970,1347,2229,267
t971,888,2229,2274
t972,1618,1257,2229
t973,574,2229,1348
t974,25,2229,1646
t975,1738,1557,2229
t976,2337,1482,1137
t977,1029,2229,2540
t978,947,2229,826
t979,1933,1098,2229
t980,1933,497,2229
t981,1933,2229,1496
t982,727,2229,2333
t983,2333,1304,2229
t984,2333,1304,1558
t985,2587,2518,2229
t986,2587,2229,2046
t987,325,598,2197
t988,1075,531,2510
t989,1075,2026,2229
t990,1350,932,2229
t991,962,1316,2229
t992,772,2229,727
t993,2583,2229,1322
t994,730,2229,1265
t995,730,2229,2587
t996,583,2229,2596
t997,569,2229,1784
t998,1659,2657,1016
t999,1613,2262,2229
t1000,49,2229,1315
t1001,101,2229,2296
t1002,1919,1894,862
t1003,372,2229,1094
t1004,2045,2454,2229
t1005,2045,2334,2229
t1006,123,2229,1009
t1007,2057,2059,420
t1008,727,403,2229
t1009,2607,1626,1756
t1010,2213,2459,2229
t1011,2213,2229,1345
t1012,2382,2229,689
t1013,1848,1706,2229
t1014,693,1794,2212
t1015,983,2229,1935
t1016,983,781,2229
t1017,1857,2229,2026
t1018,1303,122,2229
t1019,1163,2229,2517
t1020,408,2114,1181
t1021,2524,2229,2513
t1022,586,2229,1951
t1023,2476,1992,2229
t1024,1374,2229,40
t1025,2057,1961,1103
t1026,2099,2364,2229
t1027,2229,2229,1144
t1028,862,2229,1856
t1029,862,2062,2229
t1030,925,2229,2437
t1031,925,2229,259
t1032,2057,1238,1757
t1033,2075,2229,1422
t1034,731,2229,133
t1035,1491,2229,1421
t1036,1558,2229,716
t1037,1039,2229,2617
t1038,800,2229,2401
t1039,1756,2229,2421
t1040,1756,57,2229
t1041,2464,2229,1835
t1042,2464,1139,1756
t1043,711,1953,2229
t1044,2353,1461,2229
t1045,941,2229,1217
t1046,1817,2229,2416
t1047,2524,2229,1674
t1048,1911,2229,1333
t1049,792,2229,730
t1050,216,2136,35
t1051,661,2229,1268
t1052,661,1227,2229
t1053,921,2229,481
t1054,1357,2229,228
t1055,1357,2229,1118
t1056,1404,2229,533
t1057,1456,1535,2229
t1058,1456,2579,2229
t1059,1121,2229,1675
t1060,732,1804,2229
t1061,410,520,2229
t1062,2659,2227,2229
t1063,500,2229,1898
t1064,2508,2229,595
t1065,1592,2229,2164
t1066,801,1383,349
t1067,1019,2229,1414
t1068,37,1941,1756
t1069,37,1756,1012
t1070,2286,2229,2233
t1071,1431,216,2229
t1072,667,2229,820
t1073,2454,332,2229
t1074,2622,2229,1859
t1075,1365,878,2229
t1076,1365,1562,89
t1077,1320,1939,2229
t1078,990,2229,997
t1079,90,2229,502
t1080,90,2656,2229
t1081,2023,2503,2229
t1082,2229,37,2229
t1083,2591,863,386
t1084,2448,824,2229
t1085,2554,2227,2229
t1086,2612,489,2229
t1087,1817,1180,2229
t1088,2238,2229,1843
t1089,540,2150,1018
t1090,2229,2229,2456
t1091,1811,875,2039
t1092,2025,1756,718
t1093,151,2229,2162
t1094,567,2229,398
t1095,2084,2229,2624
t1096,2084,2253,1328
t1097,2107,1823,2229
t1098,2429,2229,712
t1099,693,1523,166
t1100,1657,2209,287
t1101,1856,2545,2229
t1102,2099,2060,2229
t1103,518,2439,2030
t1104,203,2229,1672
t1105,1228,1449,1474
t1106,1895,2229,434
t1107,2400,2229,2428
t1108,841,2229,1411
t1109,1982,2229,2295
t1110,2113,24,2229
t1111,2077,1658,2229
t1112,2348,2229,1172
t1113,2348,2229,1217
t1114,364,1653,2229
t1115,364,610,2229
t1116,1480,1472,1052
t1117,957,464,2229
t1118,957,922,2229
t1119,501,2229,786
t1120,2057,414,1011
t1121,183,2229,2242
t1122,1411,2229,1368
t1123,1404,2229,1828
t1124,1446,1641,2229
t1125,1307,2153,2229
t1126,319,2229,1984
t1127,319,2229,527
t1128,2482,2373,2030
t1129,2006,2114,2473
t1130,1826,1198,131
t1131,398,2229,567
t1132,420,2229,1205
t1133,2556,1375,2229
t1134,2034,1007,2229
t1135,1706,1376,1165
t1136,385,2156,2229
t1137,1996,269,472
t1138,1996,432,1378
t1139,1996,143,706
t1140,1911,2229,193
t1141,371,125,1930
t1142,1817,2229,2319
t1143,157,1515,2229
t1144,1219,594,2229
t1145,118,2356,2229
t1146,1620,2186,443
t1147,154,2229,941
t1148,636,2229,1741
t1149,636,1691,361
t1150,318,465,2229
t1151,318,1775,2229
t1152,1451,2229,1796
t1153,2057,287,939
t1154,1911,287,568
t1155,693,2022,1466
t1156,693,461,2185
t1157,693,1204,54
t1158,2304,2060,2229
t1159,1911,2114,1877
t1160,774,1449,2229
t1161,774,2229,2575
t1162,1617,2229,418
t1163,1617,2229,887
t1164,1617,623,2229
t1165,1617,2229,1386
t1166,1617,2229,1457
t1167,1129,2229,28
t1168,693,1305,842
t1169,1404,2229,1249
t1170,693,1734,1252
t1171,693,168,831
t1172,693,2366,2254
t1173,693,2567,214
t1174,693,1545,724
t1175,693,1610,459
t1176,693,2650,919
t1177,1744,1756,1427
t1178,1043,2229,2614
t1179,146,2229,677
t1180,854,2229,2657
t1181,1349,1754,2229
t1182,1580,1978,2229
t1183,351,1953,2229
t1184,351,1760,2229
t1185,947,745,2229
t1186,609,2229,1319
t1187,381,1367,2229
t1188,2064,2229,285
t1189,2229,1093,2229
t1190,2038,1787,2107
t1191,8,2229,2058
t1192,867,2229,252
t1193,815,12,415
t1194,1,2583,2229
t1195,382,2229,1322
t1196,382,610,2229
t1197,1478,423,2229
t1198,1478,2142,2229
t1199,1478,2229,2602
t1200,1478,2229,2238
t1201,1478,2229,2205
t1202,1478,755,2229
t1203,1478,1274,2229
t1204,1478,2229,243
t1205,1482,2229,1907
t1206,1226,2229,1263
t1207,1911,1547,2229
t1208,157,2004,2229
t1209,394,2229,1722
t1210,1671,2229,798
t1211,721,1148,2229
t1212,2136,835,2229
t1213,1817,2148,2229
t1214,1556,2229,944
t1215,693,141,116
t1216,1670,2229,1973
t1217,1657,2229,111
t1218,369,2024,2229
t1219,369,2229,1182
t1220,305,1756,475
t1221,305,504,2229
t1222,133,1260,1771
t1223,359,2229,195
t1224,30,2155,2229
t1225,1399,1014,2229
t1226,1399,2229,1015
t1227,561,2229,871
t1228,2177,626,1892
t1229,51,1360,1050
t1230,893,2229,754
t1231,2224,2282,2229
t1232,2224,2646,2229
t1233,658,2229,2416
t1234,1817,682,2229
t1235,371,1089,377
t1236,1381,2229,1012
t1237,903,1172,2229
t1238,903,1514,2229
t1239,903,2229,1619
t1240,1890,2229,2522
t1241,1890,2229,1514
t1242,1890,1619,2229
t1243,2452,1168,2229
t1244,2563,739,2229
t1245,24,7,2244
t1246,2396,2229,1848
t1247,2396,2229,914
t1248,740,2229,1373
t1249,429,2229,1325
t1250,6,2229,1061
t1251,1727,263,319
t1252,146,2229,1921
t1253,1473,1665,2229
t1254,1457,558,1946
t1255,317,2229,583
t1256,1199,271,2229
t1257,649,23,2229
t1258,1765,1180,2229
t1259,318,2229,128
t1260,591,2229,2269
t1261,30,31,2229
t1262,2352,2217,2229
t1263,1521,1685,81
t1264,1057,863,2229
t1265,672,2310,2229
t1266,2022,2229,1657
t1267,1685,2229,698
t1268,941,1650,2229
t1269,2079,1879,2229
t1270,2182,2229,1755
t1271,212,2229,2487
t1272,908,46,2229
t1273,908,785,2229
t1274,404,2229,731
t1275,404,2229,1959
t1276,1957,2229,1790
t1277,2166,1661,2229
t1278,1817,1982,2229
t1279,493,2229,2157
t1280,1817,31,2229
t1281,2484,2229,335
t1282,2440,2311,2229
t1283,738,2229,1196
t1284,5,875,2229
t1285,5,2229,2235
t1286,615,597,2229
t1287,801,684,449
t1288,2659,989,2229
t1289,971,2229,1468
t1290,404,2229,17
t1291,404,2537,2229
t1292,658,1872,2229
t1293,974,2229,1416
t1294,1897,2229,2251
t1295,2186,324,2229
t1296,857,2229,2282
t1297,857,822,2229
t1298,150,2229,752
t1299,1355,2229,866
t1300,931,2229,845
t1301,402,2030,2635
t1302,743,1662,2627
t1303,2189,2047,2229
t1304,1679,148,2229
t1305,2057,2265,66
t1306,937,2229,2504
t1307,947,1537,2229
t1308,76,2360,2229
t1309,469,2229,178
t1310,853,2229,1428
t1311,1422,2426,570
t1312,973,1555,2229
t1313,1831,2229,2068
t1314,775,2229,1762
t1315,244,670,2229
t1316,379,2229,511
t1317,350,2268,2389
t1318,2351,2229,1987
t1319,2420,2229,1283
t1320,1910,2229,169
t1321,2103,2229,901
t1322,1157,2229,2181
t1323,722,452,2030
t1324,2456,2363,2229
t1325,2456,2363,1927
t1326,1373,2612,2229
t1327,1507,2229,1749
t1328,1507,2229,1600
t1329,1088,2229,926
t1330,468,1543,2229
t1331,837,2229,2609
t1332,1324,2114,1369
t1333,1614,2229,1781
t1334,495,2229,206
t1335,1969,2229,1298
t1336,1053,2229,2343
t1337,2196,895,2229
t1338,793,1471,1756
t1339,1779,199,2229
t1340,2186,2229,1435
t1341,380,2191,2229
t1342,1915,2229,2434
t1343,2229,1160,2229
t1344,2191,547,2229
t1345,947,2060,2229
t1346,2126,2229,437
t1347,2262,2229,827
t1348,2238,946,2229
t1349,693,1213,2521
t1350,2637,2229,298
t1351,558,379,2229
t1352,1615,2229,2297
t1353,1028,1406,2229
t1354,801,1296,2154
t1355,257,2229,1946
t1356,1589,780,2229
t1357,801,830,1634
t1358,1205,576,1387
t1359,465,2148,2229
t1360,802,2594,1390
t1361,802,813,543
t1362,30,332,2229
t1363,1988,2229,4
t1364,14,1818,2229
t1365,1601,2229,2560
t1366,1601,1483,2229
t1367,1601,2120,2229
t1368,325,958,1072
t1369,1422,1302,2527
t1370,1944,2229,1326
t1371,1219,2229,102
t1372,1219,2229,1723
t1373,981,560,2229
t1374,2589,2229,523
t1375,2140,2070,2030
t1376,2229,2229,1174
t1377,947,2229,340
t1378,2436,1007,2229
t1379,2436,2229,1851
t1380,207,1812,2229
t1381,207,2338,2229
t1382,1118,2229,2054
t1383,1118,2229,1134
t1384,2034,2229,1582
t1385,752,2229,580
t1386,1410,1073,2229
t1387,1702,652,2229
t1388,2621,49,2229
t1389,887,2609,2547
t1390,1578,1454,1863
t1391,1420,150,2195
t1392,367,2229,584
t1393,997,154,651
t1394,1271,95,2229
t1395,146,1435,2229
t1396,1959,2229,1236
t1397,419,2229,764
t1398,2269,1511,2229
t1399,1037,2229,1346
t1400,925,1677,2229
t1401,1078,799,2490
t1402,947,1308,2229
t1403,1817,1308,2229
t1404,802,2229,2085
t1405,2659,251,2229
t1406,2057,2602,1692
t1407,2057,2082,2238
t1408,540,1970,2480
t1409,574,1878,2229
t1410,1817,636,2229
t1411,465,2229,1954
t1412,479,2229,996
t1413,1458,2229,1640
t1414,1446,1802,857
t1415,2132,2229,2511
t1416,690,2229,1960
t1417,41,2229,372
t1418,41,2237,2229
t1419,776,1606,2229
t1420,465,2227,2229
t1421,1332,2229,2527
t1422,667,2229,1287
t1423,252,2229,1720
t1424,252,2414,2229
t1425,2290,2229,2647
t1426,2290,1514,2229
t1427,220,2547,1798
t1428,658,1537,2229
t1429,2413,1116,278
t1430,1475,2267,2229
t1431,1243,1868,1709
t1432,830,361,1756
t1433,1638,2189,2229
t1434,2008,2229,2125
t1435,250,1442,2229
t1436,1219,2593,2229
t1437,1219,2229,2336
t1438,2286,2229,1357
t1439,174,2229,109
t1440,1266,1581,2229
t1441,685,2229,642
t1442,32,108,2229
t1443,645,2229,1080
t1444,2094,2229,471
t1445,2244,1947,2229
t1446,598,2229,833
t1447,973,274,2229
t1448,861,2229,423
t1449,861,2229,2602
t1450,861,2229,2205
t1451,861,2229,755
t1452,1630,2229,2050
t1453,2044,2229,871
t1454,2495,2229,2154
t1455,2495,2229,2538
t1456,2297,2229,1193
t1457,1251,2229,182
t1458,1817,1833,2229
t1459,2391,2152,2229
t1460,2391,2229,301
t1461,475,2229,138
t1462,437,658,1756
t1463,2424,2229,2530
t1464,2211,1756,1360
t1465,1571,2537,2164
t1466,1953,2229,2342
t1467,30,1371,2229
t1468,2454,1335,2229
t1469,280,2229,810
t1470,1022,2229,2507
t1471,137,1078,2229
t1472,1860,2229,2087
t1473,1860,2229,741
t1474,1424,2229,1962
t1475,890,1104,2229
t1476,890,2229,2373
t1477,1298,2229,1819
t1478,371,368,1958
t1479,69,2229,2523
t1480,1490,2229,2090
t1481,20,2229,1436
t1482,95,2229,1271
t1483,2304,2155,2229
t1484,465,1833,2229
t1485,1788,2229,812
t1486,2436,2003,2229
t1487,2436,2229,1956
t1488,103,1828,2229
t1489,569,1496,2229
t1490,1358,1152,2229
t1491,1284,2535,2229
t1492,1684,152,2229
t1493,1708,2544,2229
t1494,1780,2229,590
t1495,992,2229,743
t1496,1820,2229,694
t1497,1999,1514,2229
t1498,2304,2148,2229
t1499,458,2229,1115
t1500,2464,309,2229
t1501,2031,2229,2117
t1502,778,2229,1433
t1503,340,2229,1608
t1504,1676,2229,553
t1505,186,680,2229
t1506,1973,2229,306
t1507,1973,1483,2229
t1508,1973,2229,2120
t1509,23,1953,2229
t1510,23,1760,2229
t1511,1500,1458,2229
t1512,1120,2460,2229
t1513,1424,2229,1255
t1514,331,2309,2229
t1515,1935,2229,2237
t1516,431,2551,291
t1517,1582,2034,2229
t1518,1313,1524,2229
t1519,604,947,1756
t1520,1418,2229,167
t1521,1817,2559,1317
t1522,2423,2229,427
t1523,734,2229,38
t1524,776,2229,457
t1525,2613,2229,451
t1526,255,1574,2229
t1527,63,2284,2229
t1528,237,61,2229
t1529,1256,2229,81
t1530,826,2229,487
t1531,826,2229,567
t1532,1424,2302,2229
t1533,51,654,889
t1534,51,2229,675
t1535,2615,672,2229
t1536,1765,521,2229
t1537,430,1866,364
t1538,947,2229,2216
t1539,948,2229,407
t1540,1431,1221,835
t1541,1324,1716,249
t1542,1724,2229,865
t1543,1817,1875,2229
t1544,2524,2229,1061
t1545,2147,2229,471
t1546,1865,909,361
t1547,1486,1660,856
t1548,2304,984,2229
t1549,1865,347,2538
t1550,2243,1366,2229
t1551,371,2329,68
t1552,1273,2229,2523
t1553,2057,1044,1738
t1554,1546,2229,1750
t1555,2304,2229,826
t1556,1817,2134,733
t1557,2516,1561,2250
t1558,2516,57,1881
t1559,234,2659,1756
t1560,1498,2229,795
t1561,2659,2229,2319
t1562,904,283,2583
t1563,997,367,1005
t1564,2304,1371,2229
t1565,614,531,18
t1566,2321,292,2229
t1567,2057,1107,1078
t1568,1602,2081,1185
t1569,2601,2229,312
t1570,947,387,2229
t1571,2659,682,2229
t1572,496,2229,476
t1573,253,2229,2088
t1574,2145,1038,2229
t1575,2643,1756,2173
t1576,401,1862,2229
t1577,2505,2229,683
t1578,2146,950,2229
t1579,1473,2218,2229
t1580,2533,2547,1640
t1581,1839,2229,341
t1582,1817,217,2229
t1583,1,2229,968
t1584,585,1092,2229
t1585,1511,663,2558
t1586,27,2229,1116
t1587,1247,2030,1998
t1588,2279,2229,2396
t1589,588,1506,2229
t1590,588,2229,1230
t1591,557,2229,1157
t1592,898,2635,2229
t1593,898,314,2229
t1594,2457,2229,728
t1595,2457,2229,1928
t1596,1342,2229,720
t1597,438,2229,2425
t1598,990,1430,2538
t1599,2029,552,2229
t1600,301,1456,2229
t1601,32,114,1994
t1602,32,395,837
t1603,32,630,643
t1604,32,1157,413
t1605,32,139,809
t1606,32,280,613
t1607,32,1458,2453
t1608,32,736,495
t1609,2659,2155,2229
t1610,1518,2229,1893
t1611,2057,531,250
t1612,1101,2098,2229
t1613,1917,1335,2229
t1614,1424,586,2229
t1615,1818,2305,2039
t1616,1321,1756,2023
t1617,1321,2229,973
t1618,1140,2229,1874
t1619,1700,1697,2229
t1620,2107,2229,1146
t1621,1092,2267,2229
t1622,1150,2229,882
t1623,223,2229,1770
t1624,947,2229,2319
t1625,325,2229,792
t1626,2497,2229,429
t1627,185,2229,1569
t1628,2610,1704,2229
t1629,103,1341,1343
t1630,1706,2356,147
t1631,1675,2280,2229
t1632,1675,2044,2229
t1633,1675,497,2229
t1634,1675,1496,2229
t1635,1768,1745,2229
t1636,2325,1652,2229
t1637,2325,1003,1756
t1638,1960,2229,195
t1639,569,2135,2229
t1640,1239,2229,219
t1641,1518,2229,934
t1642,1385,2229,1874
t1643,1190,1756,2553
t1644,2057,2114,401
t1645,846,2229,1318
t1646,2057,1896,1025
t1647,2057,2445,2140
t1648,2057,2386,725
t1649,2057,1110,1560
t1650,2057,1644,722
t1651,2057,490,518
t1652,2057,320,1801
t1653,900,1490,2229
t1654,2530,2229,2531
t1655,2599,2229,1504
t1656,2561,1496,2229
t1657,2561,561,2229
t1658,2561,497,2229
t1659,2055,688,2229
t1660,2599,2229,1457
t1661,947,636,2229
t1662,2599,2229,887
t1663,196,2039,2087
t1664,2499,2229,621
t1665,475,1246,2229
t1666,1653,1031,2229
t1667,1537,1336,2223
t1668,1537,2623,889
t1669,1537,1839,718
t1670,1537,1091,1096
t1671,2616,2229,791
t1672,874,2229,2011
t1673,497,2229,871
t1674,508,2476,2229
t1675,2599,2229,1108
t1676,1817,2605,1634
t1677,1079,2229,1925
t1678,720,2229,1189
t1679,1132,2229,746
t1680,1132,2229,2576
t1681,41,2229,913
t1682,1494,2229,1742
t1683,1494,2343,2229
t1684,1301,2229,2221
t1685,2252,1143,2229
t1686,929,2229,819
t1687,614,2114,2642
t1688,1130,2229,1098
t1689,1130,2229,2044
t1690,1130,497,2229
t1691,1130,561,2229
t1692,1130,2229,1496
t1693,934,822,1617
t1694,843,2229,70
t1695,1620,758,2229
t1696,821,2304,1756
t1697,467,2229,439
t1698,2224,473,2229
t1699,1000,896,2350
t1700,2659,745,2229
t1701,31,1360,687
t1702,31,361,2141
t1703,31,987,723
t1704,31,1861,718
t1705,31,1091,25
t1706,31,2223,1882
t1707,31,1364,889
t1708,2003,1055,2229
t1709,2306,2229,248
t1710,2057,1690,705
t1711,2057,2080,2061
t1712,693,920,1631
t1713,1519,2229,1457
t1714,30,1537,2229
t1715,533,240,316
t1716,1422,1105,252
t1717,306,2560,2229
t1718,306,2229,962
t1719,306,2229,1419
t1720,1519,2229,1108
t1721,931,2229,510
t1722,1330,2063,2229
t1723,1657,2229,803
t1724,475,2229,2299
t1725,318,2130,1756
t1726,1415,412,2229
t1727,1415,858,2229
t1728,1851,2229,1431
t1729,1823,1106,1016
t1730,29,593,2229
t1731,124,2159,2229
t1732,775,2229,1087
t1733,188,2229,1492
t1734,947,1371,2229
t1735,544,2166,2229
t1736,1296,2495,2229
t1737,13,185,2229
t1738,947,1307,2229
t1739,829,2229,2401
t1740,1578,1045,590
t1741,227,2229,903
t1742,227,2229,29
t1743,227,1217,2229
t1744,213,2229,1080
t1745,1618,311,2229
t1746,2017,2102,2229
t1747,674,2229,58
t1748,513,2229,743
t1749,1031,1242,2229
t1750,1230,2229,757
t1751,2577,1425,2229
t1752,2304,2227,2229
t1753,781,2229,1027
t1754,2427,2229,1241
t1755,189,2229,1653
t1756,1503,2229,659
t1757,2137,2229,616
t1758,1293,2229,1275
t1759,1943,2229,120
t1760,37,1177,1756
t1761,37,258,1756
t1762,1923,240,2229
t1763,325,290,1909
t1764,1573,1890,2229
t1765,2533,489,558
t1766,2249,2229,2400
t1767,2407,2229,2233
t1768,1219,1362,2229
t1769,1219,2229,1568
t1770,2554,2155,2229
t1771,1424,2229,2382
t1772,504,2492,2229
t1773,2532,2229,1245
t1774,2057,2196,2230
t1775,532,2255,2229
t1776,532,2229,1091
t1777,798,2229,174
t1778,281,2229,67
t1779,658,745,2229
t1780,1533,548,2229
t1781,1533,2229,1567
t1782,1064,1739,2229
t1783,1817,986,928
t1784,595,735,2229
t1785,1947,2229,2244
t1786,295,2229,535
t1787,886,1974,1474
t1788,2160,2229,1909
t1789,1331,2093,2229
t1790,858,2356,2229
t1791,2295,41,2586
t1792,2295,2066,1164
t1793,2295,2236,2248
t1794,2295,1392,480
t1795,1917,682,2229
t1796,2130,2060,2229
t1797,293,1618,1756
t1798,293,43,2229
t1799,1012,938,2229
t1800,1012,2229,258
t1801,630,2229,1798
t1802,1658,2229,1128
t1803,1017,2229,2402
t1804,615,2576,56
t1805,2375,2229,348
t1806,21,2229,1883
t1807,90,1092,2229
t1808,90,2138,2229
t1809,2443,2229,2590
t1810,199,238,2229
t1811,358,2229,915
t1812,363,2229,1255
t1813,467,899,2229
t1814,1471,2229,1123
t1815,947,332,2229
t1816,2168,2229,1303
t1817,1551,564,2229
t1818,1261,1923,2229
t1819,10,2229,629
t1820,10,2372,1756
t1821,1732,2229,578
t1822,1034,2229,1596
t1823,1885,2229,1454
t1824,1468,2591,2229
t1825,2571,1459,2229
t1826,417,2229,522
t1827,2502,1629,644
t1828,2057,346,966
t1829,404,1708,2229
t1830,404,1726,2229
t1831,809,2229,230
t1832,934,2646,260
t1833,2555,2314,2229
t1834,748,2229,2226
t1835,1917,1982,2229
t1836,418,558,1987
t1837,666,1328,1111
t1838,973,2492,2229
t1839,2411,1756,1977
t1840,504,2229,2270
t1841,1618,550,2229
t1842,675,654,2447
t1843,1483,2229,2285
t1844,2462,2229,691
t1845,1132,2557,2229
t1846,1132,381,2229
t1847,1367,1151,2229
t1848,1913,1415,2229
t1849,1913,2229,817
t1850,1913,118,2229
t1851,1913,2229,1576
t1852,2468,1893,1607
t1853,2162,2229,2231
t1854,2562,2229,1770
t1855,1118,566,2229
t1856,1118,885,2229
t1857,1480,2323,1770
t1858,827,2229,879
t1859,739,1316,778
t1860,879,827,2229
t1861,2648,2229,456
t1862,2648,2229,1817
t1863,2425,438,2229
t1864,902,2538,45
t1865,902,2064,361
t1866,902,961,1360
t1867,902,1481,987
t1868,902,2223,33
t1869,902,299,889
t1870,902,740,718
t1871,902,1676,1091
t1872,2057,639,1984
t1873,1011,2229,2638
t1874,1011,2229,2238
t1875,1011,2205,2229
t1876,2057,2528,202
t1877,771,2229,2056
t1878,1366,2034,2552
t1879,2502,288,773
t1880,2414,2229,300
t1881,2256,907,2229
t1882,1586,2229,2116
t1883,1422,1687,884
t1884,2460,1351,2229
t1885,860,770,2229
t1886,1734,2229,518
t1887,862,1553,2229
t1888,2135,2229,849
t1889,710,2229,2542
t1890,236,211,2229
t1891,752,2229,605
t1892,1906,2229,1975
t1893,1906,2229,968
t1894,1966,2439,2229
t1895,1966,2229,1323
t1896,714,164,2229
t1897,2631,198,2229
t1898,2549,2229,1420
t1899,850,2148,2229
t1900,425,2247,2229
t1901,425,2229,1008
t1902,1765,1308,2229
t1903,857,952,2229
t1904,487,2183,398
t1905,1917,1875,2229
t1906,161,1840,2229
t1907,161,676,2229
t1908,37,1756,1891
t1909,37,1756,2198
t1910,1608,2229,1424
t1911,2229,2229,2079
t1912,37,1756,1789
t1913,37,1348,1756
t1914,37,1756,1755
t1915,37,1756,1603
t1916,37,1756,2608
t1917,37,1756,362
t1918,37,1085,1756
t1919,595,2229,1605
t1920,2094,2229,2451
t1921,1954,987,2597
t1922,1954,1497,2223
t1923,1954,1195,361
t1924,1954,1988,1360
t1925,1954,916,2538
t1926,2556,979,2229
t1927,2240,2484,937
t1928,2240,1286,1735
t1929,2240,734,1910
t1930,2240,229,1761
t1931,2240,514,1182
t1932,693,2442,895
t1933,834,2165,659
t1934,2368,2229,610
t1935,1219,2229,2215
t1936,1219,2229,1802
t1937,464,780,2229
t1938,2494,2305,2229
t1939,2494,2229,1081
t1940,438,2028,2229
t1941,2517,502,1400
t1942,258,1941,2229
t1943,1036,2229,596
t1944,2588,1280,1848
t1945,74,2610,1394
t1946,74,547,380
t1947,74,2029,1546
t1948,1204,2229,614
t1949,74,1002,178
t1950,74,1037,85
t1951,74,1251,828
t1952,74,918,901
t1953,1568,1637,2229
t1954,780,1589,2229
t1955,2256,36,2223
t1956,2256,692,889
t1957,2256,515,718
t1958,2256,1091,1374
t1959,2227,361,2649
t1960,2364,1694,2223
t1961,2364,669,889
t1962,2364,718,1779
t1963,2364,1814,1091
t1964,2380,2229,440
t1965,1225,1791,2229
t1966,1949,1266,2229
t1967,1225,2229,110
t1968,1225,2229,254
t1969,931,2478,2229
t1970,902,474,2229
t1971,2653,1355,2229
t1972,2653,2491,2229
t1973,693,1293,1023
t1974,1219,446,2229
t1975,1219,2551,2229
t1976,2116,2229,562
t1977,1756,2229,279
t1978,1756,2229,1701
t1979,1164,2229,2353
t1980,1164,2229,913
t1981,1337,2229,571
t1982,1337,2229,2223
t1983,207,2558,2229
t1984,207,3,2229
t1985,2057,2229,1731
t1986,554,2229,2308
t1987,1248,2229,1024
t1988,2536,2229,1810
t1989,1463,2229,130
t1990,327,2229,1520
t1991,1421,276,833
t1992,2393,1774,2229
t1993,1394,2229,2525
t1994,2133,2315,2229
t1995,399,2229,1042
t1996,2165,1904,2229
t1997,1865,959,987
t1998,465,1875,2229
t1999,90,2355,2229
t2000,90,620,2229
t2001,1411,561,2229
t2002,540,1986,1306
t2003,120,1943,2229
t2004,947,682,2229
t2005,129,2229,1663
t2006,437,2304,2229
t2007,437,821,2229
t2008,1180,2229,1209
t2009,1872,496,1091
t2010,1872,191,718
t2011,1872,151,889
t2012,159,904,2229
t2013,159,1,2229
t2014,540,2229,2157
t2015,820,2229,913
t2016,539,2229,1791
t2017,539,2229,1606
t2018,966,839,2229
t2019,2164,2229,2298
t2020,2516,560,1633
t2021,2516,2005,1215
t2022,2516,1850,303
t2023,2516,2093,1188
t2024,2516,1937,75
t2025,2516,1795,606
t2026,2516,115,865
t2027,2516,1349,1436
t2028,391,2229,1737
t2029,391,2229,118
t2030,391,2229,1576
t2031,1194,1666,2207
t2032,864,2229,1548
t2033,2148,1277,2229
t2034,181,2229,2210
t2035,2314,16,2229
t2036,184,2229,63
t2037,30,521,2229
t2038,1055,1553,2086
t2039,1401,2229,1811
t2040,607,2229,1173
t2041,607,1698,361
t2042,2246,2229,2316
t2043,90,1080,2229
t2044,2403,232,1756
t2045,1884,1126,2229
t2046,2527,2414,2229
t2047,947,2227,2229
t2048,2634,2229,2107
t2049,1389,2229,1986
t2050,2224,922,2229
t2051,147,2229,832
t2052,2554,1537,2229
t2053,605,397,1016
t2054,1384,868,2229
t2055,2023,747,2229
t2056,834,936,871
t2057,899,2229,467
t2058,2153,1569,2229
t2059,2309,331,2229
t2060,1425,2367,2229
t2061,596,2486,2229
t2062,596,2229,2550
t2063,182,2229,828
t2064,947,607,2229
t2065,465,1872,2229
t2066,1647,1918,2229
t2067,1238,2030,2419
t2068,1992,2406,1
t2069,504,1076,2229
t2070,1231,2208,2229
t2071,1763,289,2229
t2072,2572,2427,2229
t2073,2572,2229,1230
t2074,990,154,361
t2075,828,2229,1572
t2076,614,2229,699
t2077,1000,1389,204
t2078,947,1154,2229
t2079,27,2229,172
t2080,952,594,2229
t2081,952,2229,2603
t2082,2310,46,2229
t2083,136,2229,8
t2084,693,1327,1334
t2085,1687,2229,15
t2086,947,2229,1865
t2087,563,703,1473
t2088,563,2429,2555
t2089,563,991,2200
t2090,563,1777,1231
t2091,1882,2229,912
t2092,1164,1632,2229
t2093,2244,2229,677
t2094,952,857,2229
t2095,1847,2229,26
t2096,335,2566,2229
t2097,335,2229,937
t2098,990,2223,1382
t2099,358,2510,2229
t2100,943,2229,1855
t2101,1788,2010,2229
t2102,2260,368,2229
t2103,2266,2229,2351
t2104,1558,1304,1756
t2105,32,2281,1034
t2106,32,2384,1525
t2107,32,175,994
t2108,32,1991,1117
t2109,32,2443,738
t2110,32,2129,881
t2111,32,1831,2067
t2112,32,2641,1042
t2113,1560,2030,2292
t2114,1618,274,2229
t2115,465,51,2229
t2116,1898,2229,666
t2117,1898,2446,1328
t2118,1710,920,2229
t2119,127,585,2229
t2120,2641,2229,399
t2121,2257,2229,135
t2122,1906,2406,2229
t2123,1906,2229,283
t2124,2659,1371,2229
t2125,2228,2229,412
t2126,2228,2229,817
t2127,2228,858,2229
t2128,2228,1576,2229
t2129,2044,439,2229
t2130,1765,2229,340
t2131,2454,990,2229
t2132,610,1031,2229
t2133,1694,2229,763
t2134,750,1736,685
t2135,932,566,775
t2136,265,143,2229
t2137,265,2229,905
t2138,868,2352,223
t2139,2057,1370,142
t2140,2057,463,2073
t2141,2057,1247,1347
t2142,868,213,2562
t2143,2117,246,1474
t2144,1429,2229,2097
t2145,359,1120,2520
t2146,1392,2229,852
t2147,1618,1597,2229
t2148,2270,278,1797
t2149,1318,1756,2049
t2150,1318,2229,1471
t2151,1318,2229,793
t2152,2237,2229,477
t2153,65,2654,2229
t2154,65,2229,637
t2155,1525,2229,589
t2156,1641,1446,2229
t2157,1621,506,2229
t2158,1126,2656,394
t2159,370,2089,2229
t2160,103,1854,2300
t2161,103,1270,956
t2162,103,2475,1484
t2163,103,316,2438
t2164,103,1161,1097
t2165,103,304,788
t2166,1961,1023,2229
t2167,1636,1587,2229
t2168,1636,2229,1744
t2169,218,2229,665
t2170,1578,709,2190
t2171,556,2229,2193
t2172,1421,477,1530
t2173,2057,1226,1811
t2174,2057,554,1818
t2175,2057,236,1309
t2176,881,2229,1197
t2177,1324,2149,1588
t2178,473,464,2229
t2179,2265,1148,2229
t2180,1283,53,2229
t2181,1283,2229,50
t2182,2179,2229,2110
t2183,1930,2229,635
t2184,2182,2365,2229
t2185,1481,1310,2229
t2186,2107,2634,2229
t2187,1977,2229,1542
t2188,1977,1455,2229
t2189,1063,1922,2229
t2190,784,2229,925
t2191,2531,2229,1420
t2192,1817,352,2229
t2193,990,1233,1360
t2194,1730,16,2229
t2195,1829,2229,116
t2196,1475,2052,237
t2197,1926,2229,931
t2198,1043,2229,2057
t2199,1297,1167,2229
t2200,658,2458,2229
t2201,1126,2517,2229
t2202,2157,1742,2229
t2203,2454,51,2229
t2204,1917,2341,2229
t2205,82,2229,1058
t2206,1817,2229,826
t2207,99,2229,2585
t2208,30,2364,2229
t2209,56,674,2229
t2210,675,1050,1784
t2211,1706,219,708
t2212,909,1533,2229
t2213,2539,806,2229
t2214,891,2219,2229
t2215,891,1413,2229
t2216,523,2229,2392
t2217,523,1509,2229
t2218,1695,714,2229
t2219,1795,2229,1505
t2220,53,1756,50
t2221,1941,1680,2229
t2222,1941,2229,1177
t2223,193,238,2114
t2224,1324,1075,2229
t2225,2130,1335,2229
t2226,544,2229,852
t2227,544,2229,820
t2228,2089,2229,1972
t2229,2089,2229,1906
t2230,1817,2341,2229
t2231,2617,2317,2229
t2232,2277,2229,525
t2233,1336,2229,358
t2234,2436,2234,2229
t2235,2436,2229,1198
t2236,2554,1180,2229
t2237,2412,2229,652
t2238,2454,31,2229
t2239,2454,217,2229
t2240,939,2229,1334
t2241,720,2229,493
t2242,720,2229,2343
t2243,38,1673,2229
t2244,38,2229,1910
t2245,1283,1587,2229
t2246,1283,2229,1744
t2247,2317,2229,661
t2248,693,2276,271
t2249,56,2229,693
t2250,56,2229,1544
t2251,2659,217,2229
t2252,1223,2229,463
t2253,333,2229,865
t2254,979,1441,1439
t2255,1846,2534,2229
t2256,541,2229,1391
t2257,1232,967,10
t2258,2027,2229,2380
t2259,1540,1287,0
t2260,167,1474,1889
t2261,1917,2229,1417
t2262,150,486,2229
t2263,1396,2229,852
t2264,449,517,2229
t2265,356,985,2229
t2266,1613,2229,1243
t2267,447,2229,1456
t2268,1579,2229,949
t2269,2454,2227,2229
t2270,1672,2229,2014
t2271,1243,2229,2354
t2272,540,73,2074
t2273,2244,2229,324
t2274,1706,1780,2028
t2275,799,2229,1047
t2276,2477,770,2229
t2277,2099,989,2229
t2278,2078,2229,1216
t2279,1365,2229,1098
t2280,1365,2229,2044
t2281,1365,2229,561
t2282,1365,2229,1496
t2283,1073,2229,177
t2284,706,2229,265
t2285,1714,2229,1936
t2286,2304,2229,2319
t2287,457,1685,996
t2288,504,747,2229
t2289,1413,2016,2159
t2290,1024,1323,2030
t2291,1911,485,249
t2292,2066,2229,2174
t2293,1917,352,2229
t2294,1171,2137,2229
t2295,160,2229,532
t2296,693,993,819
t2297,2057,2158,2229
t2298,1283,811,2229
t2299,1283,2229,1402
t2300,775,1706,2229
t2301,2144,2229,1309
t2302,705,2229,176
t2303,13,2229,1480
t2304,1570,2229,1828
t2305,1515,2229,431
t2306,1192,2493,2229
t2307,43,1555,2229
t2308,878,89,2229
t2309,2236,2229,1396
t2310,352,2229,1980
t2311,352,444,2538
t2312,1729,2229,670
t2313,891,1253,2229
t2314,1085,2293,2229
t2315,1085,126,2229
t2316,980,2229,1669
t2317,177,2229,440
t2318,1665,2229,1178
t2319,2432,2229,39
t2320,1435,616,1016
t2321,1872,2229,1971
t2322,1765,2229,1865
t2323,1243,1477,1035
t2324,573,1756,987
t2325,2130,1308,2229
t2326,72,630,2229
t2327,1522,1624,2229
t2328,2556,2229,2413
t2329,2345,1094,2229
t2330,1013,53,2229
t2331,1013,50,2229
t2332,232,2229,2339
t2333,571,1756,2223
t2334,2400,910,2229
t2335,156,2229,1241
t2336,2469,2229,2111
t2337,1160,2229,200
t2338,814,2229,1932
t2339,251,2229,2468
t2340,915,2229,1438
t2341,251,987,1607
t2342,150,2229,1659
t2343,1755,2229,2564
t2344,1755,2229,877
t2345,1255,2229,363
t2346,810,2229,613
t2347,1948,78,287
t2348,2304,2229,2328
t2349,2408,2229,1010
t2350,2408,2229,2142
t2351,2408,2205,2229
t2352,2408,755,2229
t2353,2408,1274,2229
t2354,1593,2229,257
t2355,1459,2229,1278
t2356,1243,2578,1433
t2357,2436,2229,717
t2358,2436,2229,1622
t2359,2472,432,2229
t2360,2472,2229,1554
t2361,677,1585,1016
t2362,582,2229,980
t2363,1936,2229,1210
t2364,1936,1494,2001
t2365,840,2229,416
t2366,1555,1439,1021
t2367,1605,2229,533
t2368,31,2229,933
t2369,1774,1502,1731
t2370,834,2260,1675
t2371,1044,498,2229
t2372,1817,1537,2229
t2373,51,361,841
t2374,947,1335,2229
t2375,2659,2458,2229
t2376,1972,1906,1756
t2377,2057,1588,1785
t2378,1817,2229,340
t2379,1308,1166,987
t2380,2489,2229,1098
t2381,2489,2229,2044
t2382,2489,2229,497
t2383,2489,2229,561
t2384,2489,1496,2229
t2385,2492,628,278
t2386,2355,750,2229
t2387,2057,2602,1792
t2388,436,1684,1559
t2389,436,1559,2229
t2390,2572,2229,1718
t2391,559,2229,2037
t2392,2431,2229,802
t2393,1397,2229,1810
t2394,1095,2229,286
t2395,1618,1725,2229
t2396,217,1251,889
t2397,2444,2229,1009
t2398,1335,2229,1406
t2399,1335,2229,1920
t2400,1174,726,2229
t2401,1848,2229,1395
t2402,232,1137,2229
t2403,2163,2229,1035
t2404,1857,531,378
t2405,2416,1046,2229
t2406,2023,2358,2229
t2407,2416,389,2538
t2408,1267,2229,232
t2409,1917,2229,2319
t2410,1739,1232,2229
t2411,173,2292,2229
t2412,173,1067,2229
t2413,2340,2229,1358
t2414,752,2229,1203
t2415,1232,2534,2229
t2416,1769,2229,559
t2417,1769,2037,2581
t2418,26,415,169
t2419,26,1805,2229
t2420,1563,2229,604
t2421,1563,2229,947
t2422,601,2229,1018
t2423,217,74,2229
t2424,666,57,2229
t2425,2454,2229,2256
t2426,2057,1710,1275
t2427,1424,354,2229
t2428,624,2229,1599
t2429,624,2229,212
t2430,624,1495,2229
t2431,624,1615,2229
t2432,624,188,2229
t2433,1424,2229,27
t2434,656,1697,2229
t2435,664,2229,1009
t2436,1578,1026,1766
t2437,1405,2229,1873
t2438,1068,2229,2002
t2439,1817,387,2229
t2440,777,378,2229
t2441,1287,676,2229
t2442,2065,2229,2025
t2443,2065,718,2229
t2444,577,2229,120
t2445,1227,2229,1027
t2446,420,1727,2229
t2447,2449,2229,66
t2448,390,2229,713
t2449,404,2257,2229
t2450,404,264,2229
t2451,1817,2229,2328
t2452,972,836,1091
t2453,707,2229,2119
t2454,2171,2229,1619
t2455,2171,2229,1217
t2456,2171,2229,1514
t2457,90,2229,470
t2458,90,1423,2229
t2459,1645,2229,2431
t2460,2454,1875,2229
t2461,90,1575,2229
t2462,90,2261,2229
t2463,374,2004,2229
t2464,1700,2229,1231
t2465,90,2229,1279
t2466,90,2052,2229
t2467,2229,2229,1824
t2468,4,2229,1827
t2469,499,2229,717
t2470,2535,397,2229
t2471,814,2229,1913
t2472,41,2353,2229
t2473,158,1365,2229
t2474,158,497,2229
t2475,1577,2229,1611
t2476,1043,2229,1747
t2477,1122,859,963
t2478,685,749,2229
t2479,1895,2229,869
t2480,1721,663,2229
t2481,1033,2229,1752
t2482,827,1316,2229
t2483,693,782,2322
t2484,1151,2229,1367
t2485,2204,2047,2229
t2486,1308,2229,1996
t2487,2032,119,2229
t2488,868,593,1513
t2489,1469,2286,1756
t2490,884,2229,1208
t2491,614,287,1809
t2492,2192,1574,2229
t2493,2099,2458,2229
t2494,2057,929,1774
t2495,2556,1076,2229
t2496,2544,1122,2229
t2497,991,2229,62
t2498,2099,2229,1954
t2499,530,741,2039
t2500,1185,2229,1916
t2501,991,2229,1192
t2502,859,2229,893
t2503,1748,2229,699
t2504,1643,1543,249
t2505,1740,1078,2229
t2506,1468,2229,325
t2507,272,1447,2229
t2508,1411,2655,2229
t2509,308,2229,1648
t2510,1981,2229,2379
t2511,1908,2229,44
t2512,565,2489,2229
t2513,465,2229,340
t2514,2302,2229,2273
t2515,1234,1756,1132
t2516,693,1981,786
t2517,1470,2229,2604
t2518,2023,550,2229
t2519,801,928,571
t2520,852,2229,2203
t2521,260,1519,2229
t2522,1424,2229,2540
t2523,2099,745,2229
t2524,1920,2291,1028
t2525,2557,1151,2229
t2526,1513,838,2229
t2527,931,2229,702
t2528,693,2371,187
t2529,1826,2410,2229
t2530,739,1816,1614
t2531,1329,2229,2604
t2532,2,2229,2446
t2533,988,166,2229
t2534,947,989,2229
t2535,2057,538,796
t2536,693,1186,1437
t2537,494,641,421
t2538,918,2229,2103
t2539,1817,2227,2229
t2540,766,153,2229
t2541,562,2229,1675
t2542,936,2229,68
t2543,2386,2229,459
t2544,1765,607,2229
t2545,2454,387,2229
t2546,1800,2229,2000
t2547,2016,1283,1756
t2548,204,55,2229
t2549,204,2229,1760
t2550,1089,2229,565
t2551,693,701,1799
t2552,2075,2229,1320
t2553,916,2229,366
t2554,356,2229,1272
t2555,109,1465,2180
t2556,508,626,2229
t2557,658,902,2229
t2558,1371,1360,2277
t2559,2186,611,2229
t2560,1371,987,2172
t2561,1371,92,718
t2562,1371,1512,1091
t2563,1371,2179,2223
t2564,1371,943,889
t2565,2050,2488,2229
t2566,2556,2229,2299
t2567,1854,2229,513
t2568,1854,1006,2229
t2569,2203,2229,1786
t2570,2203,2229,945
t2571,1791,1685,294
t2572,2587,2229,924
t2573,2587,2229,1867
t2574,488,2229,729
t2575,2244,2229,1921
t2576,914,2170,1395
t2577,1578,1447,424
t2578,247,2229,1952
t2579,2585,1276,2229
t2580,2375,531,326
t2581,2375,2229,2026
t2582,1207,342,2229
t2583,758,611,2455
t2584,2057,1899,93
t2585,1465,2229,846
t2586,309,2464,2229
t2587,2252,541,2229
t2588,1828,1343,2015
t2589,1518,2206,2313
t2590,30,1308,2229
t2591,584,2229,1230
t2592,584,2229,156
t2593,2067,2229,579
t2594,278,22,2229
t2595,41,1632,2229
t2596,902,1216,1158
t2597,1319,923,2229
t2598,1735,2229,2620
t2599,2587,1668,2229
t2600,2587,2229,2326
t2601,1917,2229,2216
t2602,2171,2229,100
t2603,1905,2100,92
t2604,1905,49,1512
t2605,1905,2179,242
t2606,1905,1664,943
t2607,1905,2277,1651
t2608,1905,82,483
t2609,1905,2595,2172
t2610,1632,2203,2229
t2611,826,1043,2229
t2612,826,615,2229
t2613,689,2229,2382
t2614,1788,1054,2229
t2615,2106,1044,2229
t2616,947,2341,2229
t2617,599,2229,1414
t2618,2508,908,2229
t2619,1599,2229,1489
t2620,373,2229,750
t2621,2229,124,2229
t2622,1712,2229,159
t2623,1842,2229,1489
t2624,2349,1303,1158
t2625,197,2229,1000
t2626,43,2229,2299
t2627,1521,1517,244
t2628,1606,2068,244
t2629,207,2229,2530
t2630,207,2549,2229
t2631,150,324,2229
t2632,1003,1782,2229
t2633,2099,1154,2229
t2634,801,375,2559
t2635,1703,1385,1535
t2636,1703,1140,1184
t2637,1703,2152,2132
t2638,1703,648,1456
t2639,1290,2229,1261
t2640,1703,800,1352
t2641,1703,789,523
t2642,233,1462,2229
t2643,1817,2060,2229
t2644,2659,2229,826
t2645,1512,2229,2621
t2646,2154,1756,2538
t2647,2057,519,699
t2648,2303,2043,2229
t2649,964,2229,1844
t2650,1682,1218,2229
t2651,2289,1756,313
t2652,1817,2229,1865
t2653,2309,910,2229
t2654,2309,2229,650
t2655,2519,1602,2229
t2656,1504,198,558
t2657,463,719,2030
t2658,2534,1169,2362
t2659,1295,2493,2229
t2660,535,2071,2229
t2661,535,2229,2601
t2662,614,1588,1056
t2663,1655,1728,2229
t2664,398,2229,1544
t2665,398,2229,693
t2666,817,2229,2356
t2667,190,851,2229
t2668,190,2229,2220
t2669,597,615,2229
t2670,43,1030,2229
t2671,2310,672,2229
t2672,394,1400,2229
t2673,475,274,2229
t2674,150,2229,1435
t2675,2130,2229,1865
t2676,2299,278,209
t2677,465,990,2229
t2678,1002,469,2229
t2679,1257,1439,1339
t2680,540,697,681
t2681,680,2229,2502
t2682,444,2229,256
t2683,2304,332,2229
t2684,1672,2229,203
t2685,2057,2226,2091
t2686,2057,201,2462
t2687,2057,262,360
t2688,2057,167,458
t2689,2057,729,1202
t2690,2057,1312,2506
t2691,2057,2002,964
t2692,2263,2229,75
t2693,1165,2229,1467
t2694,1165,2229,817
t2695,1165,2229,858
t2696,288,2229,1791
t2697,288,2229,1606
t2698,288,1292,2229
t2699,2519,1240,1212
t2700,2312,1474,668
t2701,2458,563,2229
t2702,2129,587,2229
t2703,849,2229,2354
t2704,1231,2229,1192
t2705,2057,420,2106
t2706,926,2019,2229
t2707,743,2229,992
t2708,245,493,2229
t2709,2136,241,2229
t2710,1807,956,2229
t2711,2418,2229,1527
t2712,411,634,1062
t2713,411,2178,2101
t2714,411,2331,1505
t2715,805,2229,455
t2716,1668,564,2229
t2717,656,2229,2208
t2718,2023,1246,2229
t2719,2125,2229,829
t2720,533,304,2633
t2721,785,1570,2229
t2722,2143,452,2229
t2723,2143,2229,1998
t2724,1048,2229,649
t2725,1233,2229,1759
t2726,547,145,2229
t2727,1188,1062,2229
t2728,2358,357,278
t2729,341,2229,326
t2730,1031,2257,2229
t2731,109,2229,174
t2732,1801,1104,2030
t2733,2130,682,2229
t2734,1606,1685,2433
t2735,411,1952,2075
t2736,30,984,2229
t2737,1827,2630,2229
t2738,1827,2229,1656
t2739,2043,2229,813
t2740,149,2229,2633
t2741,1335,879,2229
t2742,884,1720,2229
t2743,884,2414,2229
t2744,2229,2229,1156
t2745,1353,2475,2229
t2746,1406,739,2229
t2747,1881,1939,2229
t2748,1724,2229,20
t2749,1724,1965,1328
t2750,1765,2060,2229
t2751,652,2229,1702
t2752,430,2229,594
t2753,618,2229,2352
t2754,406,2229,1267
t2755,2323,2229,213
t2756,1244,2229,2482
t2757,99,1332,2011
t2758,517,2229,2659
t2759,517,234,2229
t2760,1480,1470,2327
t2761,2454,989,2229
t2762,617,2229,479
t2763,2148,183,2223
t2764,2148,889,184
t2765,2148,2340,718
t2766,2148,460,1091
t2767,2057,1767,2238
t2768,1032,2229,536
t2769,855,727,836
t2770,848,1317,2229
t2771,1817,2440,1548
t2772,611,2186,2229
t2773,834,439,1127
t2774,2454,1537,2229
t2775,680,2229,880
t2776,1817,349,2542
t2777,1833,1476,889
t2778,117,2229,1329
t2779,1804,239,2229
t2780,2470,30,1756
t2781,2002,534,1474
t2782,131,499,2229
t2783,902,2229,2349
t2784,2534,1232,2229
t2785,1482,1756,950
t2786,1482,2229,2146
t2787,803,1588,678
t2788,2199,2229,992
t2789,42,2229,1250
t2790,473,2224,2229
t2791,404,1073,2229
t2792,404,2229,2380
t2793,1038,2209,2229
t2794,1038,1224,2229
t2795,229,1059,2229
t2796,465,2229,2328
t2797,33,2229,2395
t2798,556,2229,1719
t2799,1849,2229,1465
t2800,499,131,2229
t2801,1743,2649,596
t2802,2252,2229,820
t2803,504,1375,2229
t2804,515,2229,622
t2805,776,1521,2229
t2806,650,2229,1250
t2807,612,2229,1709
t2808,972,2229,87
t2809,866,806,2526
t2810,159,2104,2229
t2811,159,626,2229
t2812,192,1331,2229
t2813,192,2318,1328
t2814,2130,387,2229
t2815,1642,615,2229
t2816,1109,2229,1552
t2817,2033,186,880
t2818,2099,217,2229
t2819,1307,2229,750
t2820,1307,642,2229
t2821,2339,2229,2009
t2822,2339,2229,2142
t2823,2339,2229,2238
t2824,2339,2229,1274
t2825,2339,2229,243
t2826,2286,2229,2626
t2827,2244,2229,580
t2828,655,1685,1128
t2829,2583,2229,1975
t2830,2467,1469,2229
t2831,2467,2286,2229
t2832,13,2229,2355
t2833,239,1822,1404
t2834,1657,531,1967
t2835,2125,2229,1421
t2836,2454,2148,2229
t2837,914,2229,2588
t2838,620,373,2229
t2839,2636,2410,2229
t2840,1765,1154,2229
t2841,108,114,2351
t2842,108,395,771
t2843,108,2465,643
t2844,108,2631,413
t2845,108,1688,809
t2846,108,280,257
t2847,108,2612,2453
t2848,108,1022,495
t2849,1250,42,2229
t2850,146,2229,2193
t2851,2607,2229,1838
t2852,1405,2099,1756
t2853,1706,1885,1443
t2854,504,979,2229
t2855,995,2229,359
t2856,1484,2616,2229
t2857,1484,2441,2229
t2858,141,2229,2080
t2859,48,2229,1353
t2860,1547,1152,1588
t2861,1527,2229,523
t2862,2563,2229,1568
t2863,2228,2229,1313
t2864,2228,1524,1398
t2865,1700,62,2229
t2866,693,2156,526
t2867,1817,883,1912
t2868,404,653,2229
t2869,404,2229,1377
t2870,1329,2229,227
t2871,1395,2229,1578
t2872,325,1837,679
t2873,2559,97,2229
t2874,1762,2229,2588
t2875,693,2474,405
t2876,693,751,302
t2877,693,748,1993
t2878,693,1564,488
t2879,693,1214,691
t2880,693,1068,1115
t2881,693,1418,1071
t2882,2023,1076,2229
t2883,387,1702,2229
t2884,1737,412,2229
t2885,1737,2229,817
t2886,1737,858,2229
t2887,146,2229,1659
t2888,1644,2229,842
t2889,682,91,2229
t2890,172,2229,27
t2891,811,1402,1756
t2892,2326,1551,2229
t2893,42,434,102
t2894,942,2237,2229
t2895,942,781,2229
t2896,1917,607,2229
t2897,1638,2229,1742
t2898,1262,269,2229
t2899,1262,1019,2229
t2900,1134,932,2229
t2901,1977,2229,995
t2902,1977,2229,1960
t2903,834,1621,635
t2904,1970,2229,1053
t2905,47,2229,1238
t2906,950,769,2229
t2907,1105,2346,2229
t2908,2229,955,2229
t2909,642,2229,868
t2910,1999,118,2229
t2911,1390,2229,551
t2912,1390,2229,965
t2913,1390,2229,1133
t2914,1390,2229,212
t2915,1390,1853,2229
t2916,739,1150,2037
t2917,289,2309,2336
t2918,931,2229,454
t2919,946,2312,2229
t2920,1386,2378,558
t2921,1611,2229,2605
t2922,1404,2229,1605
t2923,1853,2229,203
t2924,953,2229,2408
t2925,2285,2229,1614
t2926,1793,2229,447
t2927,1720,2229,570
t2928,1991,1979,2229
t2929,404,1804,2229
t2930,404,2229,1135
t2931,43,2229,2270
t2932,669,2229,1301
t2933,658,352,2229
t2934,814,2229,522
t2935,1333,249,1945
t2936,2243,970,1582
t2937,834,545,2598
t2938,2554,972,2229
t2939,658,1180,2229
t2940,1042,2229,1517
t2941,2623,2229,308
t2942,1408,2229,327
t2943,1833,2223,1342
t2944,1213,2229,2339
t2945,1205,2229,1412
t2946,404,1771,2229
t2947,404,2229,507
t2948,2410,499,2234
t2949,476,2229,1966
t2950,260,2229,418
t2951,941,2229,651
t2952,913,2229,781
t2953,905,2229,1414
t2954,1421,761,1501
t2955,2430,125,2229
t2956,2556,2358,2229
t2957,232,2229,1011
t2958,932,2229,1350
t2959,1917,972,2229
t2960,1480,2229,2653
t2961,199,2229,2466
t2962,220,558,2600
t2963,1014,2229,2318
t2964,1132,2229,798
t2965,1132,1654,2229
t2966,550,1758,278
t2967,1506,2229,757
t2968,2313,2229,418
t2969,1028,2229,1243
t2970,826,2629,2229
t2971,1493,2229,606
t2972,2514,2229,645
t2973,1443,1294,2229
t2974,2099,2229,826
t2975,761,2229,2536
t2976,2244,2229,556
t2977,1906,1892,2229
t2978,1906,2417,2229
t2979,1759,1619,2229
t2980,2078,2001,2229
t2981,299,2229,1593
t2982,232,2229,1412
t2983,437,2229,1281
t2984,647,2229,1080
t2985,647,2229,179
t2986,647,2229,773
t2987,578,2229,1321
t2988,578,2023,2229
t2989,578,1756,973
t2990,30,387,2229
t2991,2442,2230,2229
t2992,1509,2391,2229
t2993,2659,31,2229
t2994,1759,71,2229
t2995,69,1384,1985
t2996,1141,189,2229
t2997,1397,2229,694
t2998,2138,1475,2229
t2999,207,1403,2229
t3000,207,337,2229
t3001,1059,1870,2229
t3002,1059,2229,1761
t3003,97,30,2229
t3004,97,2229,2470
t3005,30,1307,2229
t3006,1900,2229,978
t3007,2483,16,2229
t3008,1463,86,2229
t3009,2309,2229,869
t3010,658,990,2229
t3011,1816,427,2229
t3012,232,2229,226
t3013,1215,2101,2229
t3014,1932,2076,2229
t3015,504,1597,2229
t3016,1324,531,1438
t3017,789,2229,2401
t3018,1171,1085,2229
t3019,984,498,2229
t3020,170,2229,2598
t3021,585,2229,181
t3022,850,521,2229
t3023,2528,2229,54
t3024,801,1813,604
t3025,404,2229,963
t3026,404,2229,1903
t3027,1817,1154,2229
t3028,708,1452,2229
t3029,2099,682,2229
t3030,1791,2036,244
t3031,2583,1258,2229
t3032,1765,2229,2319
t3033,660,2229,1994
t3034,451,5,2229
t3035,990,889,367
t3036,947,2155,2229
t3037,2454,972,2229
t3038,2130,902,2229
t3039,2624,779,1328
t3040,99,1207,2346
t3041,1343,1812,2229
t3042,1343,529,2229
t3043,2304,2229,2256
t3044,876,1626,2229
t3045,876,2607,1626
t3046,465,521,2229
t3047,931,2229,777
t3048,1578,1452,165
t3049,413,2229,557
t3050,1531,2229,1352
t3051,1531,2589,2229
t3052,1775,1756,465
t3053,1177,2229,1789
t3054,1937,2229,1505
t3055,1324,2229,2006
t3056,20,231,1328
t3057,508,371,2229
t3058,2304,972,2229
t3059,1235,2229,1149
t3060,1578,768,417
t3061,90,1574,2229
t3062,90,2405,2229
t3063,1492,2229,1962
t3064,2054,2229,1350
t3065,1511,2229,2269
t3066,1250,1895,1723
t3067,1407,2229,1001
t3068,1688,2229,2378
t3069,693,2404,906
t3070,87,112,2431
t3071,275,2229,1884
t3072,350,582,1669
t3073,2057,86,1508
t3074,2057,243,1199
t3075,266,2284,1588
t3076,693,2144,1925
t3077,2659,51,2229
t3078,40,2229,2169
t3079,40,2229,468
t3080,1817,338,2126
t3081,2231,1176,2229
t3082,2231,2229,2419
t3083,1120,2229,540
t3084,291,374,2229
t3085,59,1466,2229
t3086,2061,1119,2229
t3087,1759,2229,2171
t3088,1294,2229,412
t3089,1294,2229,817
t3090,1294,2229,118
t3091,1294,2229,858
t3092,1294,2229,1576
t3093,1132,2229,1642
t3094,1132,2229,512
t3095,1380,129,2229
t3096,1992,904,2229
t3097,765,2229,2327
t3098,520,2229,410
t3099,332,2229,1907
t3100,1457,2500,2547
t3101,1618,979,2229
t3102,1185,1240,2229
t3103,2057,2611,420
t3104,1219,1145,2229
t3105,1219,2291,2229
t3106,1335,1581,2229
t3107,1335,2229,2563
t3108,562,158,2229
t3109,120,1423,948
t3110,28,171,2229
t3111,28,2229,231
t3112,1132,2286,2229
t3113,658,2229,340
t3114,2554,521,2229
t3115,1090,2229,1943
t3116,693,1248,1211
t3117,693,1244,1880
t3118,693,1155,1529
t3119,693,210,2434
t3120,207,1739,2229
t3121,207,1846,2229
t3122,589,2384,2229
t3123,164,1604,2634
t3124,2045,1765,1756
t3125,2399,1535,2229
t3126,2596,2560,2229
t3127,2596,962,2229
t3128,2596,1483,2229
t3129,2596,1419,2229
t3130,2596,2120,2229
t3131,1532,2229,2219
t3132,1532,2229,1413
t3133,2057,2222,2408
t3134,1419,2229,2285
t3135,371,1904,170
t3136,2189,2229,896
t3137,1785,77,2229
t3138,1331,1328,1015
t3139,1143,1540,2229
t3140,1761,2229,1772
t3141,693,2139,47
t3142,2151,2229,1825
t3143,2151,2229,1159
t3144,2151,1756,2556
t3145,1962,2229,1492
t3146,1788,2229,677
t3147,693,1112,1264
t3148,658,1875,2229
t3149,693,1223,267
t3150,2273,2302,2229
t3151,1968,2229,1997
t3152,1571,2229,1538
t3153,1087,1259,2229
t3154,2057,2377,886
t3155,2057,2448,2117
t3156,2057,1753,2063
t3157,2107,2229,1203
t3158,300,2229,2543
t3159,424,2229,1913
t3160,541,2252,2229
t3161,2057,1897,2312
t3162,2659,2229,1954
t3163,2587,1379,2229
t3164,2587,2477,2229
t3165,642,685,2229
t3166,2525,2610,2229
t3167,1537,334,2229
t3168,2189,2229,649
t3169,1159,311,2229
t3170,2578,2229,2573
t3171,2304,1308,2229
t3172,2587,2229,0
t3173,2587,2529,2229
t3174,657,1491,2229
t3175,973,2229,2299
t3176,2102,2229,1172
t3177,2102,2229,29
t3178,2102,2229,1514
t3179,2102,1217,2229
t3180,2102,2229,1619
t3181,2016,2420,2229
t3182,473,2229,594
t3183,473,2229,106
t3184,752,2010,2229
t3185,857,2229,1272
t3186,2304,2229,1865
t3187,1817,990,2229
t3188,2508,2229,1260
t3189,2436,2229,35
t3190,2436,1221,2229
t3191,850,352,2229
t3192,1202,2229,1071
t3193,1358,2229,454
t3194,1995,2229,1183
t3195,1794,2229,1370
t3196,665,149,2229
t3197,2186,2229,1823
t3198,931,2229,2296
t3199,394,2229,670
t3200,2227,2229,1743
t3201,1450,1474,2459
t3202,90,2481,2229
t3203,90,2229,1736
t3204,62,2493,2229
t3205,608,415,1963
t3206,608,2399,2229
t3207,693,137,1929
t3208,2591,1847,339
t3209,947,2364,2229
t3210,2591,2418,2401
t3211,2591,1793,2511
t3212,1741,1691,1806
t3213,2057,755,1768
t3214,2040,2229,1369
t3215,419,1843,383
t3216,556,2229,1659
t3217,504,550,2229
t3218,1684,1559,1756
t3219,342,1720,2229
t3220,342,2414,2229
t3221,341,2229,702
t3222,850,2229,2256
t3223,1817,607,2229
t3224,2629,58,2229
t3225,2229,2229,1100
t3226,947,1180,2229
t3227,1329,2229,2017
t3228,207,2229,744
t3229,207,591,2229
t3230,1848,2054,2229
t3231,395,2229,1983
t3232,1219,2229,787
t3233,1219,2229,2275
t3234,217,1002,1091
t3235,217,1037,718
t3236,1817,2229,1954
t3237,217,918,2223
t3238,217,361,1394
t3239,217,1360,380
t3240,217,987,1546
t3241,931,1340,2229
t3242,2190,2229,391
t3243,1639,2229,762
t3244,1120,197,2229
t3245,1504,2181,2547
t3246,83,2465,2229
t3247,931,2229,468
t3248,2659,1154,2229
t3249,2586,2229,1616
t3250,717,1366,2229
t3251,2192,2020,2229
t3252,623,2229,1108
t3253,752,2229,1921
t3254,404,2229,1083
t3255,404,2229,2496
t3256,1767,2229,2322
t3257,1765,1371,2229
t3258,487,575,2229
t3259,362,2374,2229
t3260,362,2229,1171
t3261,526,2229,130
t3262,2582,2229,111
t3263,1696,2348,2229
t3264,1696,2229,29
t3265,1696,1514,2229
t3266,1696,1619,2229
t3267,1996,277,1166
t3268,1206,2229,960
t3269,904,1992,2229
t3270,2350,2229,73
t3271,2099,2229,2256
t3272,103,533,2229
t3273,365,2229,346
t3274,1629,655,2229
t3275,1629,2229,254
t3276,1629,539,2229
t3277,1629,2072,2229
t3278,1629,457,2229
t3279,745,2240,2229
t3280,696,2229,927
t3281,254,1976,244
t3282,90,1163,2229
t3283,90,1884,2229
t3284,1076,1439,2570
t3285,1236,2508,507
t3286,1424,2229,194
t3287,1391,2229,1179
t3288,1612,2219,2229
t3289,1612,1413,2229
t3290,980,785,2229
t3291,84,2229,361
t3292,84,2229,830
t3293,1493,1328,516
t3294,1491,1422,2229
t3295,1325,2229,294
t3296,525,2229,1651
t3297,693,406,1131
t3298,2283,2229,551
t3299,2283,2229,917
t3300,2283,2147,2229
t3301,2283,188,2229
t3302,2283,2306,2229
t3303,1654,2229,109
t3304,1299,2229,1584
t3305,1733,1439,2176
t3306,2554,1982,2229
t3307,504,2503,2229
t3308,274,278,1167
t3309,248,354,2229
t3310,868,1890,707
t3311,2595,1372,2229
t3312,1917,745,2229
t3313,1994,2229,1289
t3314,2580,2213,916
t3315,2580,1195,774
t3316,2580,1988,1827
t3317,2580,1507,2597
t3318,2580,951,1497
t3319,2580,1060,491
t3320,2580,1380,1663
t3321,2580,353,1464
t3322,1324,2229,1948
t3323,157,2229,977
t3324,2463,524,2229
t3325,1518,1617,2603
t3326,2118,2229,700
t3327,1886,1097,2229
t3328,45,2229,2266
t3329,693,1109,176
t3330,693,1119,1066
t3331,1869,2229,339
t3332,947,217,2229
t3333,954,2554,1756
t3334,1052,2229,227
t3335,1764,2343,2229
t3336,255,127,2229
t3337,1309,2247,2039
t3338,2453,2229,1500
t3339,594,2229,1712
t3340,1382,2229,2572
t3341,2057,2205,873
t3342,540,1584,2225
t3343,1859,448,2229
t3344,103,2229,1605
t3345,1480,1922,445
t3346,1370,314,2030
t3347,801,128,883
t3348,2198,2229,1409
t3349,2198,2229,295
t3350,1674,2229,1601
t3351,1674,2229,962
t3352,1674,2229,1419
t3353,2026,2229,263
t3354,2109,2018,2229
t3355,2109,2229,1133
t3356,2109,2229,2147
t3357,2109,2229,1615
t3358,2109,2229,2214
t3359,2554,607,2229
t3360,723,48,2229
t3361,509,2229,1653
t3362,762,2229,1341
t3363,219,1506,2229
t3364,2047,711,2229
t3365,2047,2229,1760
t3366,947,902,2229
t3367,1817,1371,2229
t3368,993,1774,2229
t3369,1027,2229,1623
t3370,1765,2229,2216
t3371,770,2046,700
t3372,1460,1399,2229
t3373,16,2229,570
t3374,1087,2229,2541
t3375,241,2545,2229
t3376,2555,2229,1295
t3377,1817,521,2229
t3378,465,2229,2416
t3379,2304,2229,1417
t3380,763,2040,2229
t3381,973,1725,2229
t3382,648,2229,2511
t3383,1258,2229,467
t3384,2229,2229,2333
t3385,1175,2229,2496
t3386,2009,423,2229
t3387,2009,2602,2229
t3388,2009,2205,2229
t3389,2009,755,2229
t3390,404,2229,872
t3391,404,1822,2229
t3392,1356,2229,890
t3393,61,1092,2229
t3394,440,2043,442
t3395,883,318,2229
t3396,1607,2229,1518
t3397,2304,521,2229
t3398,1046,389,2041
t3399,2531,486,2035
t3400,1975,2104,2229
t3401,1813,2229,1563
t3402,1940,2229,75
t3403,30,989,2229
t3404,647,127,2229
t3405,1249,2229,1404
t3406,455,2230,2229
t3407,1306,2229,896
t3408,1938,2229,336
t3409,2491,766,2229
t3410,1833,1445,2538
t3411,693,2051,1148
t3412,43,2229,1733
t3413,727,876,2229
t3414,733,2229,1074
t3415,1655,1800,2229
t3416,36,2229,101
t3417,751,2229,201
t3418,976,2229,650
t3419,2556,2229,138
t3420,135,1486,2229
t3421,1812,2229,1620
t3422,43,2229,138
t3423,1180,1429,2223
t3424,1180,2613,889
t3425,2189,2229,1101
t3426,1180,1583,718
t3427,1180,1407,1091
t3428,575,2618,567
t3429,1094,477,2229
t3430,812,1016,2639
t3431,1159,2503,2229
t3432,2130,1154,2229
t3433,2248,2229,1810
t3434,528,2229,608
t3435,1377,2229,1538
t3436,2122,1084,2229
t3437,2122,2229,1655
t3438,2441,2229,286
t3439,1569,2229,593
t3440,374,2229,2206
t3441,1287,2229,1567
t3442,350,1189,1342
t3443,931,2229,915
t3444,165,1086,2229
t3445,2361,2229,435
t3446,545,377,2229
t3447,2057,2278,232
t3448,2304,1307,2229
t3449,1151,2229,1318
t3450,1314,2229,1463
t3451,1302,2229,1730
t3452,2445,2229,724
t3453,1590,889,1756
t3454,1406,537,2229
t3455,2009,365,2229
t3456,2009,2376,346
t3457,1817,984,2229
t3458,2545,2229,1192
t3459,1646,2229,1020
t3460,947,972,2229
t3461,86,2486,2325
t3462,86,2229,2550
t3463,1596,2281,2229
t3464,693,1783,1931
t3465,150,1719,2229
t3466,1320,2101,2229
t3467,868,2017,1065
t3468,1324,1776,287
t3469,1190,2229,2032
t3470,2229,1577,2229
t3471,1054,1016,1713
t3472,2523,2239,13
t3473,2364,34,2229
t3474,2072,1685,2090
t3475,428,44,249
t3476,1195,2229,441
t3477,1255,2229,1758
t3478,2659,607,2229
t3479,1388,2229,1748
t3480,1388,2229,202
t3481,703,1361,2229
t3482,517,1756,850
t3483,1618,2229,2413
t3484,2556,1555,2229
t3485,2659,2229,2216
t3486,951,1693,2229
t3487,951,2229,96
t3488,126,2229,1891
t3489,1917,2229,826
t3490,1124,2229,2122
t3491,2216,2332,2229
t3492,1792,2229,388
t3493,658,2229,1954
t3494,465,217,2229
t3495,324,1016,292
t3496,680,1448,1629
t3497,2278,1745,2229
t3498,2057,530,1829
t3499,1187,2229,1351
t3500,1927,1297,2229
t3501,407,1090,2229
t3502,527,2229,1388
t3503,1501,781,2229
t3504,935,531,1648
t3505,935,2229,2026
t3506,1817,1307,2229
t3507,411,500,1939
t3508,1842,357,2229
t3509,329,2229,1740
t3510,1209,1860,1429
t3511,1209,5,2613
t3512,1209,1583,2494
t3513,1209,1407,425
t3514,2229,2229,1841
t3515,1329,213,2229
t3516,1417,1756,931
t3517,1417,2229,1926
t3518,1921,2394,1016
t3519,2268,2229,1070
t3520,30,2458,2229
t3521,91,2078,2574
t3522,834,509,1032
t3523,1635,2229,2212
t3524,973,2229,2270
t3525,1103,2124,2229
t3526,1103,2229,2142
t3527,1103,2602,2229
t3528,1103,755,2229
t3529,901,2229,1845
t3530,1817,745,2229
t3531,1865,1194,2229
t3532,1765,636,2229
t3533,634,192,2229
t3534,29,2217,2229
t3535,2229,876,2229
t3536,2242,2229,704
t3537,1480,2498,581
t3538,1940,2229,1493
t3539,1940,2111,1328
t3540,61,2229,237
t3541,980,46,2229
t3542,1363,2229,2344
t3543,498,1044,2229
t3544,282,1756,2436
t3545,647,2229,2405
t3546,973,2229,2413
t3547,1765,902,2229
t3548,758,2229,1620
t3549,1677,152,2229
t3550,67,538,2229
t3551,2479,2521,2229
t3552,1310,2631,2229
t3553,2659,990,2229
t3554,1272,2229,957
t3555,1982,2586,2538
t3556,1982,2066,361
t3557,1982,2236,1360
t3558,1982,480,987
t3559,1917,2060,2229
t3560,139,2229,1102
t3561,2135,2120,2229
t3562,2135,1419,2229
t3563,2135,1483,2229
t3564,344,2229,1432
t3565,816,2203,2229
t3566,693,1314,388
t3567,163,1106,2229
t3568,1691,2229,430
t3569,739,2655,2354
t3570,1292,2229,457
t3571,2057,2131,249
t3572,544,1379,2229
t3573,982,2474,2229
t3574,1796,2229,113
t3575,1997,2229,1671
t3576,291,1515,2229
t3577,727,2229,2456
t3578,2057,721,420
t3579,2527,2229,1928
t3580,2057,1200,2229
t3581,793,2049,2229
t3582,2328,121,2229
t3583,1400,394,2229
t3584,2547,1170,2229
t3585,178,2229,466
t3586,614,2229,935
t3587,1651,1069,2229
t3588,1613,1362,2229
t3589,322,2229,1228
t3590,366,2213,2229
t3591,2506,1564,2229
t3592,685,2229,1480
t3593,2274,2229,1256
t3594,931,2229,2221
t3595,868,227,765
t3596,114,660,2229
t3597,1117,2229,673
t3598,877,1580,2229
t3599,2344,898,2229
t3600,2301,2229,175
t3601,693,1901,77
t3602,409,1466,2229
t3603,873,2156,2229
t3604,2328,2223,921
t3605,2328,1715,889
t3606,2328,426,718
t3607,2328,2145,1091
t3608,316,1510,2229
t3609,316,337,2229
t3610,1569,2153,2229
t3611,1664,2229,2188
t3612,153,2539,307
t3613,150,2229,677
t3614,2454,1982,2229
t3615,104,382,2229
t3616,504,311,2229
t3617,207,443,2229
t3618,207,2455,2229
t3619,207,2229,2627
t3620,207,2229,180
t3621,207,1604,2229
t3622,207,1787,2229
t3623,207,2035,2229
t3624,207,2195,2229
t3625,2554,2229,2216
t3626,1267,2403,2229
t3627,146,2010,2229
t3628,465,1537,2229
t3629,1132,1469,2229
t3630,2354,2229,2127
t3631,2354,2229,787
t3632,2043,2229,595
t3633,1919,1055,2229
t3634,435,2229,1627
t3635,537,1581,2229
t3636,1775,2229,2130
t3637,569,2229,2120
t3638,66,505,1200
t3639,1510,1403,2229
t3640,1359,847,2229
t3641,2608,1852,2229
t3642,2608,2229,105
t3643,2659,1833,2229
t3644,2652,2229,1077
t3645,1706,686,1524
t3646,850,2229,340
t3647,2362,10,2229
t3648,2098,1953,2229
t3649,2098,1760,2229
t3650,310,2229,1696
t3651,802,1183,2283
t3652,802,1916,2109
t3653,802,1717,1711
t3654,802,2298,624
t3655,2229,2229,436
t3656,2554,51,2229
t3657,1123,2229,826
t3658,2245,2246,2229
t3659,1468,411,2229
t3660,295,2229,572
t3661,1747,1756,2057
t3662,1100,1876,2397
t3663,1100,2397,2229
t3664,835,2229,1956
t3665,540,1528,2204
t3666,43,1076,2229
t3667,61,2229,1080
t3668,61,1448,2229
t3669,2107,580,2229
t3670,1971,898,1363
t3671,1971,930,2143
t3672,1971,1408,1520
t3673,1971,190,1900
t3674,1971,173,1426
t3675,1971,151,2231
t3676,1971,191,890
t3677,1971,1966,496
t3678,770,2229,860
t3679,291,2229,594
t3680,291,2282,2229
t3681,291,1699,2229
t3682,205,2229,786
t3683,1082,2658,249
t3684,1997,2229,1654
t3685,1118,2229,1280
t3686,1118,2170,2229
t3687,922,1589,2229
t3688,19,2229,491
t3689,1243,882,6
t3690,60,2229,2017
t3691,514,2229,369
t3692,693,825,1745
t3693,245,2412,2229
t3694,2611,1929,2229
t3695,866,153,2229
t3696,2073,1155,2229
t3697,757,2229,1083
t3698,312,162,2229
t3699,312,2229,1124
t3700,416,2229,840
t3701,949,2390,2229
t3702,1865,2207,1360
t3703,1224,1609,2229
t3704,2023,2229,138
t3705,1065,1472,2229
t3706,1565,1536,2229
t3707,801,2440,573
t3708,614,2229,1746
t3709,1170,2229,511
t3710,1159,2229,2270
t3711,419,2312,2229
t3712,2554,636,2229
t3713,1422,342,315
t3714,2343,2229,2027
t3715,453,2229,814
t3716,2554,2229,340
t3717,1320,1754,2229
t3718,2107,1054,2229
t3719,11,2229,1252
t3720,1496,2229,871
t3721,99,853,15
t3722,237,2229,181
t3723,2574,2229,1683
t3724,2030,2229,664
t3725,2233,2229,2271
t3726,2233,2229,90
t3727,1917,2229,2328
t3728,823,2229,1291
t3729,823,2229,962
t3730,823,2229,1483
t3731,823,2229,2120
t3732,2345,477,2229
t3733,645,2229,1598
t3734,1219,393,2229
t3735,1219,1803,2229
t3736,90,2229,1090
t3737,90,2229,577
t3738,931,1033,2229
t3739,2267,1279,61
t3740,226,861,2229
t3741,226,2142,2229
t3742,226,2229,2238
t3743,226,1274,2229
t3744,226,243,2229
t3745,131,2229,1622
t3746,30,2148,2229
t3747,105,253,2229
t3748,1467,412,2229
t3749,1467,118,2229
t3750,1467,1576,2229
t3751,510,2229,1776
t3752,1322,189,2229
t3753,64,864,2229
t3754,207,714,2229
t3755,207,224,2229
t3756,2108,12,2229
t3757,2108,2229,1735
t3758,2659,972,2229
t3759,947,984,2229
t3760,1701,1531,2229
t3761,2334,1765,2229
t3762,389,396,2229
t3763,2192,647,2229
t3764,539,2229,1521
t3765,1927,2363,1756
t3766,285,2229,771
t3767,2651,2229,1720
t3768,948,2229,179
t3769,948,2229,1344
t3770,2517,1126,2229
t3771,100,2229,2653
t3772,1203,1016,592
t3773,1578,1220,1955
t3774,897,2229,1964
t3775,1872,2223,1426
t3776,320,831,2229
t3777,1108,1667,2547
t3778,667,661,1461
t3779,325,148,804
t3780,245,2229,995
t3781,579,2229,1831
t3782,2398,134,2229
t3783,2598,2229,1933
t3784,2598,2229,2044
t3785,2598,561,2229
t3786,2091,2229,302
t3787,917,2229,172
t3788,92,2229,619
t3789,923,2229,633
t3790,374,291,2229
t3791,1817,2229,1308
t3792,1918,2229,2568
t3793,1421,392,983
t3794,1274,2229,383
t3795,1536,911,2229
t3796,1536,2229,779
t3797,1817,2568,2485
t3798,2353,2317,2229
t3799,2421,2229,2250
t3800,1719,1016,2088
t3801,948,2229,577
t3802,483,2229,2287
t3803,671,2229,485
t3804,512,597,2229
t3805,135,1995,2381
t3806,465,2364,2229
t3807,2275,2229,289
t3808,456,1756,1817
t3809,1657,2229,2007
t3810,1879,2229,986
t3811,1172,593,2229
t3812,1711,2018,2229
t3813,1711,965,2229
t3814,1711,917,2229
t3815,1711,1599,2229
t3816,1711,1142,2229
t3817,2583,2229,1
t3818,2186,2229,580
t3819,2053,2220,2030
t3820,947,2148,2229
t3821,931,2040,2229
t3822,1277,845,183
t3823,1277,1566,184
t3824,1277,2340,454
t3825,1277,2478,460
t3826,1625,2229,2077
t3827,1911,2229,2375
t3828,562,2229,2598
t3829,94,1098,2229
t3830,94,2044,2229
t3831,94,561,2229
t3832,999,2229,18
t3833,410,647,2261
t3834,1396,2229,2248
t3835,1376,1220,2229
t3836,1108,2507,558
t3837,142,2229,1264
t3838,621,2630,1474
t3839,323,2229,1590
t3840,323,2229,889
t3841,887,2056,558
t3842,1750,2029,2229
t3843,407,2229,948
t3844,1434,2134,2229
t3845,2365,2229,1585
t3846,2650,2229,1025
t3847,1541,2229,1662
t3848,288,655,2229
t3849,2057,1009,549
t3850,850,1875,2229
t3851,1519,2229,1386
t3852,739,2163,1061
t3853,2174,2229,1164
t3854,2118,1668,2229
t3855,2161,2229,1211
t3856,1421,1679,1039
t3857,2178,2229,2084
t3858,2229,2229,2259
t3859,234,850,2229
t3860,2606,794,2229
t3861,698,1957,2229
t3862,1127,2229,998
t3863,543,2229,1495
t3864,543,2229,1853
t3865,543,2229,2214
t3866,543,2229,2306
t3867,543,1142,2229
t3868,564,2252,924
t3869,2099,1833,2229
t3870,1324,2229,1388
t3871,646,400,2229
t3872,1686,2229,353
t3873,776,2229,2072
t3874,1817,1296,1595
t3875,1715,2229,2398
t3876,1810,2229,2203
t3877,2099,2341,2229
t3878,1613,2563,2229
t3879,1817,972,2229
t3880,2048,2229,1773
t3881,1406,2229,1028
t3882,801,2025,2092
t3883,801,160,2255
t3884,749,2229,69
t3885,1135,2229,1191
t3886,701,2229,1011
t3887,893,859,2229
t3888,2604,88,2229
t3889,30,1833,2229
t3890,567,1642,2229
t3891,426,2229,1887
t3892,2647,2229,1172
t3893,2647,2229,29
t3894,2647,2229,1217
t3895,2647,2229,1619
t3896,2083,732,2229
t3897,2083,2229,1135
t3898,659,1130,2229
t3899,1153,2229,2560
t3900,1153,2229,962
t3901,1153,2229,1483
t3902,1153,2229,1419
t3903,1153,2120,2229
t3904,412,2229,2028
t3905,585,2229,2138
t3906,556,2010,2229
t3907,1928,2229,300
t3908,2567,2229,2140
t3909,725,1176,2030
t3910,2659,1335,2229
t3911,404,2229,1212
t3912,404,2229,2081
t3913,567,2057,2229
t3914,567,2229,1747
t3915,517,2229,684
t3916,934,2313,1699
t3917,850,1537,2229
t3918,2221,2229,2642
t3919,191,2229,1356
t3920,796,166,2229
t3921,2248,816,2229
t3922,387,2229,359
t3923,387,197,2229
t3924,1351,2229,1187
t3925,126,163,2229
t3926,2588,2229,914
t3927,273,1446,2229
t3928,658,387,2229
t3929,2659,1180,2229
t3930,2214,1029,2229
t3931,2659,2229,1865
t3932,1765,2229,1954
t3933,752,2229,2193
t3934,197,1120,2229
t3935,1757,2229,1880
t3936,1979,2229,1117
t3937,658,682,2229
t3938,2556,1246,2229
t3939,371,1586,998
t3940,371,433,536
t3941,2509,1405,2229
t3942,2539,1163,2229
t3943,2539,2229,1884
t3944,486,150,2229
t3945,1075,2229,1984
t3946,398,512,2229
t3947,790,1474,1749
t3948,1977,2167,2229
t3949,1977,2520,2229
t3950,1266,393,2563
t3951,682,361,2574
t3952,2496,2229,2519
t3953,2127,2229,2275
t3954,1875,2229,2123
t3955,635,2229,94
t3956,635,2229,497
t3957,635,1496,2229
t3958,1883,2229,328
t3959,814,2229,1165
t3960,2524,2229,583
t3961,1678,1067,2030
t3962,931,999,2229
t3963,2396,2229,1350
t3964,2396,775,2229
t3965,962,2229,1781
t3966,43,2503,2229
t3967,2060,1034,2538
t3968,2060,1525,361
t3969,2060,1360,994
t3970,2060,1991,987
t3971,2060,738,2223
t3972,2060,881,889
t3973,2060,718,2067
t3974,2060,2641,1091
t3975,653,2229,1571
t3976,1462,816,2229
t3977,2113,2565,1947
t3978,51,104,2223
t3979,1219,2229,767
t3980,1219,2229,1004
t3981,2057,1450,1635
t3982,2057,11,1552
t3983,1540,2229,1179
t3984,1707,117,2229
t3985,2461,2229,1942
t3986,1726,1122,2229
t3987,1817,2229,2155
t3988,2130,2341,2229
t3989,349,2045,2229
t3990,2556,747,2229
t3991,729,1474,96
t3992,1931,2229,1324
t3993,261,2229,2330
t3994,261,2229,1959
t3995,1424,2229,1516
t3996,1896,2229,214
t3997,906,2229,1103
t3998,1159,1030,2229
t3999,1367,1968,1300
t4000,614,2229,428
t4001,373,2481,642
t4002,947,31,2229
t4003,752,2229,1146
t4004,2436,2229,2086
t4005,2436,2229,1894
t4006,821,2229,658
t4007,465,2229,826
t4008,1917,2229,1954
t4009,2554,387,2229
t4010,350,764,1445
t4011,815,1352,2229
t4012,475,1257,2229
t4013,1039,2237,2229
t4014,1039,781,2229
t4015,1872,1900,987
t4016,1872,930,361
t4017,1872,1408,1360
t4018,1872,2538,1363
t4019,284,1870,415
t4020,667,233,2229
t4021,667,2229,1871
t4022,817,2229,2028
t4023,1191,1249,872
t4024,2120,2229,2285
t4025,1270,422,2229
t4026,1270,591,2229
t4027,1161,1695,2229
t4028,1161,224,2229
t4029,868,1650,2653
t4030,423,2229,93
t4031,232,2229,1103
t4032,315,2229,1222
t4033,2454,2229,826
t4034,2508,2229,2594
t4035,2554,2229,2328
t4036,2063,1474,1693
t4037,2173,2229,2018
t4038,2173,2229,551
t4039,2173,2229,965
t4040,2173,2229,917
t4041,2173,2229,1133
t4042,2173,2229,1599
t4043,2173,212,2229
t4044,2173,2229,2147
t4045,2173,2229,1495
t4046,2173,2229,1853
t4047,2173,2229,1615
t4048,2173,2229,188
t4049,2173,2229,2214
t4050,2173,2229,2306
t4051,2173,1142,2229
t4052,2360,1826,2229
t4053,2398,2229,225
t4054,1665,1705,2229
t4055,465,972,2229
t4056,825,657,2229
t4057,912,1886,2229
t4058,2060,2229,32
t4059,2436,2636,2229
t4060,2436,2360,2229
t4061,2563,1613,2229
t4062,484,2229,2494
t4063,1817,2229,1417
t4064,600,2229,1311
t4065,2485,2229,323
t4066,1276,282,2229
t4067,1276,2436,2229
t4068,1486,2229,135
t4069,1581,1613,1803
t4070,296,2229,1187
t4071,829,863,2229
t4072,1219,985,2229
t4073,1219,273,2229
t4074,626,2388,2229
t4075,2539,1080,2229
t4076,465,352,2229
t4077,216,2229,1431
t4078,286,1095,2229
t4079,2189,140,2229
t4080,1132,2229,2643
t4081,1132,2229,2173
t4082,1473,2229,2483
t4083,1473,1720,2229
t4084,1917,217,2229
t4085,850,984,2229
t4086,1954,1091,1464
t4087,2554,902,2229
t4088,1954,1380,718
t4089,2186,1719,2229
t4090,1706,1913,2415
t4091,1508,2229,271
t4092,1060,2229,19
t4093,152,1677,2229
t4094,1622,2229,2243
t4095,931,2229,225
t4096,1901,2229,2393
t4097,1243,795,317
t4098,947,2229,2328
t4099,1834,2229,196
t4100,2319,2229,2033
t4101,2319,186,987
t4102,2314,2229,570
t4103,997,1233,503
t4104,2131,9,2229
t4105,945,95,2229
t4106,1050,2229,569
t4107,2076,412,2229
t4108,2076,817,2229
t4109,2076,2229,118
t4110,2076,858,2229
t4111,2076,2229,1576
t4112,2155,2223,1129
t4113,2155,987,2463
t4114,2155,1360,1565
t4115,2155,1460,361
t4116,2155,2538,297
t4117,700,2118,2229
t4118,2155,2112,2229
t4119,1218,788,2229
t4120,1087,2427,2229
t4121,2402,2229,1697
t4122,1131,2229,187
t4123,693,839,953
t4124,245,2229,540
t4125,997,1430,1051
t4126,2232,2229,379
t4127,1616,2229,41
t4128,1766,2229,1443
t4129,2659,1307,2229
t4130,465,984,2229
t4131,2130,1982,2229
t4132,1637,1145,1406
t4133,2399,2024,415
t4134,2099,984,2229
t4135,2454,352,2229
t4136,1815,415,2504
t4137,1815,2584,2229
t4138,1817,2229,801
t4139,360,2229,1993
t4140,1817,2155,2229
t4141,2193,2316,1016
t4142,2302,2229,2176
t4143,1732,338,2229
t4144,2465,2229,2600
t4145,1895,2229,379
t4146,457,587,244
t4147,1553,2229,1019
t4148,1553,2229,905
t4149,2069,1807,2229
t4150,1652,1003,2229
t4151,2281,2229,1147
t4152,30,2229,2416
t4153,1746,2114,1594
t4154,1582,241,2229
t4155,1582,1017,2229
t4156,1099,2229,1724
t4157,735,103,2229
t4158,1214,2229,1312
t4159,179,275,1821
t4160,1096,2229,384
t4161,862,2229,241
t4162,30,990,2229
t4163,896,351,2229
t4164,2004,695,2229
t4165,504,1555,2229
t4166,1420,2531,2229
t4167,716,2347,2229
t4168,1,834,2229
t4169,475,1725,2229
t4170,1043,56,2229
t4171,2276,2229,86
t4172,1954,1060,889
t4173,1911,531,1934
t4174,1817,1872,2229
t4175,210,1678,2229
t4176,2229,2229,1123
t4177,1861,2229,1639
t4178,1476,2229,1522
t4179,1817,2364,2229
t4180,1133,2229,689
t4181,2107,2229,812
t4182,237,2229,2138
t4183,562,2229,659
t4184,695,374,446
t4185,2142,2229,93
t4186,2229,2229,64
t4187,1828,533,2229
t4188,1817,1813,2435
t4189,931,2229,1566
t4190,539,110,2229
t4191,1920,1637,2229
t4192,2208,2229,2493
t4193,1138,2229,2582
t4194,1138,2229,1237
t4195,580,1016,1245
t4196,98,1989,287
t4197,1194,548,909
t4198,763,2229,2473
t4199,1194,1840,347
t4200,394,2229,698
t4201,2626,2229,2411
t4202,2626,2229,1977
t4203,2057,1138,2202
t4204,687,2229,2637
t4205,754,103,2229
t4206,1159,274,2229
t4207,2478,2229,678
t4208,2023,311,2229
t4209,499,2229,2208
t4210,499,2229,241
t4211,2540,1029,2229
t4212,1836,2229,1450
t4213,2049,1123,1756
t4214,818,2595,2229
t4215,1197,2129,2229
t4216,862,2457,1705
t4217,1849,2229,1968
t4218,1788,2229,1146
t4219,546,2229,194
t4220,1432,2229,2433
t4221,2095,2229,1850
t4222,680,2105,1225
t4223,1534,2229,823
t4224,1583,2229,484
t4225,1329,2229,1696
t4226,1191,2229,239
t4227,521,2229,870
t4228,521,361,2514
t4229,2541,2229,914
t4230,475,1030,2229
t4231,931,2229,671
t4232,801,1281,2126
t4233,43,2492,2229
t4234,474,1658,1625
t4235,474,435,975
t4236,474,1325,2497
t4237,474,1285,8
t4238,474,1490,2021
t4239,474,479,2619
t4240,474,1432,1832
t4241,474,888,1256
t4242,1132,2337,2229
t4243,2082,2229,1437
t4244,1283,2289,2229
t4245,1283,2229,313
t4246,1186,2229,971
t4247,1817,2229,1865
t4248,37,1756,2182
t4249,37,574,1756
t4250,1578,2229,1241
t4251,37,1756,2122
t4252,37,1756,312
t4253,37,535,1756
t4254,37,1171,1756
t4255,37,105,1756
t4256,37,2245,1756
t4257,37,126,1756
t4258,37,2601,1756
t4259,37,295,1756
t4260,37,1756,1655
t4261,37,1756,1124
t4262,1395,1134,2229
t4263,2230,1235,478
t4264,2280,1098,2229
t4265,2280,561,2229
t4266,989,2229,2279
t4267,1759,2229,1576
t4268,130,79,2229
t4269,2587,2229,945
t4270,2587,2229,321
t4271,1320,1062,2229
t4272,2007,1609,287
t4273,1430,2229,1999
t4274,1295,300,2229
t4275,50,2571,2229
t4276,1477,2229,1674
t4277,850,2229,2328
t4278,2624,2005,2229
t4279,1350,1087,885
t4280,440,177,2229
t4281,1010,2229,423
t4282,1010,2229,2602
t4283,1010,2229,2238
t4284,1010,2229,243
t4285,1219,910,2229
t4286,1219,2229,650
t4287,434,1895,2229
t4288,556,2229,1054
t4289,2329,509,2229
t4290,1786,2229,321
t4291,222,2229,697
t4292,1124,1201,2229
t4293,1421,1808,942
t4294,1424,2229,1672
t4295,1274,576,2229
t4296,658,51,2229
t4297,551,2229,363
t4298,303,2229,1062
t4299,448,2042,2229
t4300,2021,2229,900
t4301,2591,528,1874
t4302,647,2192,2229
t4303,97,375,2229
t4304,1943,470,407
t4305,2229,2229,1088
t4306,1760,2229,2342
t4307,1225,776,2229
t4308,1805,1673,415
t4309,291,2229,977
t4310,2012,487,2229
t4311,846,2229,1465
t4312,52,2229,1732
t4313,1282,2139,2229
t4314,2579,1184,2229
t4315,2647,1444,2229
t4316,2647,2546,144
t4317,1911,2229,98
t4318,931,2229,2466
t4319,1307,2229,2523
t4320,1307,2229,1384
t4321,1219,464,2229
t4322,1219,922,2229
t4323,597,1043,746
t4324,1193,628,2229
t4325,835,2229,2136
t4326,2057,2053,1915
t4327,2057,1678,1282
t4328,2057,2482,2161
t4329,700,2229,820
t4330,700,2229,1661
t4331,140,1354,2229
t4332,642,2229,1273
t4333,1371,82,361
t4334,1828,2229,1605
t4335,519,2229,54
t4336,739,1498,1674
t4337,2166,544,2229
t4338,947,1982,2229
t4339,1999,2229,71
t4340,1917,51,2229
t4341,1243,2187,427
t4342,1110,919,2229
t4343,2516,247,1328
t4344,1144,2229,710
t4345,1061,1153,2229
t4346,1657,2114,1914
t4347,2304,989,2229
t4348,1416,2229,603
t4349,1416,2229,2452
t4350,465,636,2229
t4351,575,2229,487
t4352,1086,1230,2229
t4353,1977,2229,296
t4354,1977,2229,2460
t4355,1320,2229,1505
t4356,844,1181,2229
t4357,1765,984,2229
t4358,422,2229,744
t4359,2555,1665,2229
t4360,2555,2218,2229
t4361,695,2229,431
t4362,1618,1246,2229
t4363,699,2229,737
t4364,699,2229,348
t4365,2141,2229,2069
t4366,2057,111,409
t4367,2057,59,1237
t4368,1817,332,2229
t4369,264,1486,2229
t4370,1465,2229,381
t4371,556,2229,1823
t4372,1538,1571,2229
t4373,836,772,2229
t4374,1995,856,2229
t4375,259,1206,2229
t4376,1817,2458,2229
t4377,356,273,2229
t4378,868,2217,1125
t4379,2057,1388,1487
t4380,2136,2003,2229
t4381,1661,1820,462
t4382,1386,1102,2547
t4383,2454,745,2229
t4384,1924,2229,270
t4385,2544,1903,893
t4386,694,2229,2203
t4387,782,2229,2615
t4388,2330,2229,731
t4389,2332,638,1298
t4390,2332,2307,1796
t4391,1968,2229,1288
t4392,2332,448,2622
t4393,2332,923,609
t4394,2332,1923,1290
t4395,2332,1938,2652
t4396,2332,149,218
t4397,1817,51,2229
t4398,1182,2229,1963
t4399,1348,542,2229
t4400,1348,2229,2182
t4401,947,2458,2229
t4402,1518,260,106
t4403,1581,1266,2229
t4404,400,1413,2229
t4405,400,2229,2294
t4406,1468,99,2229
t4407,461,2229,1911
t4408,1566,2229,1056
t4409,893,2229,1717
t4410,1657,2169,249
t4411,1016,974,2229
t4412,955,891,2229
t4413,200,2229,1595
t4414,1855,1664,2229
t4415,675,104,2258
t4416,2255,1756,1091
t4417,105,2229,362
t4418,1187,1455,245
t4419,1149,2229,1357
t4420,262,1474,1345
t4421,396,2229,2232
t4422,396,2229,1170
t4423,2218,2414,2229
t4424,2244,2229,605
t4425,911,2229,2253
t4426,13,2229,1384
t4427,1364,2229,1682
t4428,1098,439,2229
t4429,298,2300,2229
t4430,2314,2229,1720
t4431,1354,2229,625
t4432,1354,631,1113
t4433,739,612,823
t4434,1957,1708,2229
t4435,935,2229,202
t4436,1657,408,2229
t4437,2659,1308,2229
t4438,1808,2229,2197
t4439,1530,2229,730
t4440,2331,2229,1940
t4441,2104,2177,2229
t4442,2493,2229,76
t4443,2493,2636,2229
t4444,491,246,2229
t4445,491,2229,1889
t4446,726,2229,1532
t4447,739,1781,2432
t4448,1634,2229,84
t4449,1553,862,2229
t4450,860,2118,2518
t4451,2503,278,2288
t4452,1359,1483,2229
t4453,195,2167,197
t4454,1539,1666,2229
t4455,1539,2229,1924
t4456,2345,2229,2237
t4457,572,2229,1713
t4458,2554,1307,2229
t4459,1424,2229,1193
t4460,1000,1101,450
t4461,433,2229,2368
t4462,614,249,1752
t4463,2536,2229,1094
t4464,1392,1632,2229
t4465,972,112,361
t4466,30,2227,2229
t4467,641,2229,894
t4468,1753,2229,602
t4469,490,2229,2254
t4470,1308,1378,1360
t4471,2523,2229,69
t4472,2112,171,1129
t4473,2112,2469,2463
t4474,2112,911,1565
t4475,2112,1014,1460
t4476,2112,2,297
t4477,850,2229,1417
t4478,991,2229,1295
t4479,907,36,2296
t4480,907,1033,692
t4481,907,671,515
t4482,907,468,1374
t4483,658,1154,2229
t4484,1769,2560,2229
t4485,1769,962,2229
t4486,1769,1419,2229
t4487,1769,2120,2229
t4488,51,1479,2538
t4489,2057,988,420
t4490,1495,2387,2229
t4491,2422,2229,2447
t4492,2422,1141,2229
t4493,2422,610,2229
t4494,2229,2229,1427
t4495,959,65,2229
t4496,1359,497,2229
t4497,829,2229,2511
t4498,780,473,767
t4499,608,2229,1184
t4500,55,1953,2229
t4501,1422,1453,2543
t4502,1286,2229,2108
t4503,1093,2229,783
t4504,1366,2229,2243
t4505,1765,1833,2229
t4506,22,2289,2229
t4507,22,2229,313
t4508,658,217,2229
t4509,787,2229,1763
t4510,947,1872,2229
t4511,1146,1016,1978
t4512,2659,332,2229
t4513,868,2133,144
t4514,2454,1307,2229
t4515,622,2229,671
t4516,1619,2229,618
t4517,1107,1929,2229
t4518,2659,2341,2229
t4519,658,1982,2229
t4520,954,2099,2229
t4521,505,2229,1944
t4522,1271,2166,1888
t4523,680,288,2020
t4524,1159,1597,2229
t4525,2554,1371,2229
t4526,1265,1756,2587
t4527,1980,444,1254
t4528,1243,2249,39
t4529,549,215,2229
t4530,195,2229,359
t4531,2107,1719,2229
t4532,297,1269,2229
t4533,311,278,960
t4534,1473,1295,2229